name    l_forearm
spatial_sampling     taxel
taxel2Repr (  3  3  3  3  3  3  -1  3  3  3  -1  3  15  15  15  15  15  15  -1  15  15  15  -1  15  27  27  27  27  27  27  -1  27  27  27  -1  27  39  39  39  39  39  39  -1  39  39  39  -1  39  51  51  51  51  51  51  -1  51  51  51  -1  51  63  63  63  63  63  63  -1  63  63  63  -1  63  75  75  75  75  75  75  -1  75  75  75  -1  75  87  87  87  87  87  87  -1  87  87  87  -1  87  99  99  99  99  99  99  -1  99  99  99  -1  99  111  111  111  111  111  111  -1  111  111  111  -1  111  123  123  123  123  123  123  -1  123  123  123  -1  123  135  135  135  135  135  135  -1  135  135  135  -1  135  147  147  147  147  147  147  -1  147  147  147  -1  147  159  159  159  159  159  159  -1  159  159  159  -1  159  171  171  171  171  171  171  -1  171  171  171  -1  171  183  183  183  183  183  183  -1  183  183  183  -1  183  195  195  195  195  195  195  -1  195  195  195  -1  195  207  207  207  207  207  207  -1  207  207  207  -1  207  -1  -1  -1  -1  -1  -1  -1  -1  -1  -1  -1  -1  231  231  231  231  231  231  -1  231  231  231  -1  231  -1  -1  -1  -1  -1  -1  -1  -1  -1  -1  -1  -1  -1  -1  -1  -1  -1  -1  -1  -1  -1  -1  -1  -1  267  267  267  267  267  267  -1  267  267  267  -1  267  -1  -1  -1  -1  -1  -1  -1  -1  -1  -1  -1  -1  291  291  291  291  291  291  -1  291  291  291  -1  291  303  303  303  303  303  303  -1  303  303  303  -1  303  -1  -1  -1  -1  -1  -1  -1  -1  -1  -1  -1  -1  -1  -1  -1  -1  -1  -1  -1  -1  -1  -1  -1  -1  339  339  339  339  339  339  -1  339  339  339  -1  339  351  351  351  351  351  351  -1  351  351  351  -1  351  -1  -1  -1  -1  -1  -1  -1  -1  -1  -1  -1  -1  -1  -1  -1  -1  -1  -1  -1  -1  -1  -1  -1  -1  )
[calibration]
-0.0308328187249 -0.066992354308 -0.0308328187249 0.0 0.0 0.0
-0.027892833291 -0.0634023514058 -0.027892833291 0.0 0.0 0.0
-0.0300921757606 -0.0605314406042 -0.0300921757606 0.0 0.0 0.0
-0.0323239 -0.0642264 -0.0323239 0.0 0.0 0.0
-0.0323239 -0.0642264 -0.0323239 0.0 0.0 0.0
-0.0323239 -0.0642264 -0.0323239 0.0 0.0 0.0
0.0 0.0 0.0 0.0 0.0 0.0 
-0.0323239 -0.0642264 -0.0323239 0.0 0.0 0.0
-0.0323239 -0.0642264 -0.0323239 0.0 0.0 0.0
-0.0323239 -0.0642264 -0.0323239 0.0 0.0 0.0
0.0 0.0 0.0 0.0 0.0 0.0 
-0.0323239 -0.0642264 -0.0323239 0.0 0.0 0.0
-0.0280132791888 -0.075887253871 -0.0280132791888 0.0 0.0 0.0
-0.0272868792567 -0.0693425395974 -0.0272868792567 0.0 0.0 0.0
-0.0305033007846 -0.07286478364 -0.0305033007846 0.0 0.0 0.0
-0.0310732 -0.0794007 -0.0310732 0.0 0.0 0.0
-0.0327601559472 -0.076522955491 -0.0327601559472 0.0 0.0 0.0
-0.0310732 -0.0794007 -0.0310732 0.0 0.0 0.0
0.0 0.0 0.0 0.0 0.0 0.0 
-0.0330514779193 -0.0831038718306 -0.0330514779193 0.0 0.0 0.0
-0.0308904695129 -0.0860927485055 -0.0308904695129 0.0 0.0 0.0
-0.0276772321413 -0.0892693121545 -0.0276772321413 0.0 0.0 0.0
0.0 0.0 0.0 0.0 0.0 0.0 
-0.028184276771 -0.0825238900441 -0.028184276771 0.0 0.0 0.0
-0.0335254 -0.0964461 -0.0335254 0.0 0.0 0.0
-0.0285599889527 -0.0958795094954 -0.0285599889527 0.0 0.0 0.0
-0.0315852092141 -0.0927271773935 -0.0315852092141 0.0 0.0 0.0
-0.0335254 -0.0964461 -0.0335254 0.0 0.0 0.0
-0.0338238692322 -0.089727880324 -0.0338238692322 0.0 0.0 0.0
-0.0335254 -0.0964461 -0.0335254 0.0 0.0 0.0
0.0 0.0 0.0 0.0 0.0 0.0 
-0.0335254 -0.0964461 -0.0335254 0.0 0.0 0.0
-0.0335254 -0.0964461 -0.0335254 0.0 0.0 0.0
-0.0335254 -0.0964461 -0.0335254 0.0 0.0 0.0
0.0 0.0 0.0 0.0 0.0 0.0 
-0.0335254 -0.0964461 -0.0335254 0.0 0.0 0.0
0.0265830215731 -0.0604716380096 0.0265830215731 0.0 0.0 0.0
0.0245617176509 -0.0633717029123 0.0245617176509 0.0 0.0 0.0
0.0272428495758 -0.0669338973001 0.0272428495758 0.0 0.0 0.0
0.028644 -0.0641237 0.028644 0.0 0.0 0.0
0.0292068867001 -0.0706011845902 0.0292068867001 0.0 0.0 0.0
0.028644 -0.0641237 0.028644 0.0 0.0 0.0
0.0 0.0 0.0 0.0 0.0 0.0 
0.028644 -0.0641237 0.028644 0.0 0.0 0.0
0.028644 -0.0641237 0.028644 0.0 0.0 0.0
0.028644 -0.0641237 0.028644 0.0 0.0 0.0
0.0 0.0 0.0 0.0 0.0 0.0 
0.028644 -0.0641237 0.028644 0.0 0.0 0.0
0.0228895488631 -0.0503617002387 0.0228895488631 0.0 0.0 0.0
0.0227310329364 -0.0569566169286 0.0227310329364 0.0 0.0 0.0
0.0253065136727 -0.0540385131408 0.0253065136727 0.0 0.0 0.0
0.02587 -0.047461 0.02587 0.0 0.0 0.0
0.02587 -0.047461 0.02587 0.0 0.0 0.0
0.02587 -0.047461 0.02587 0.0 0.0 0.0
0.0 0.0 0.0 0.0 0.0 0.0 
0.02587 -0.047461 0.02587 0.0 0.0 0.0
0.02587 -0.047461 0.02587 0.0 0.0 0.0
0.02587 -0.047461 0.02587 0.0 0.0 0.0
0.0 0.0 0.0 0.0 0.0 0.0 
0.02587 -0.047461 0.02587 0.0 0.0 0.0
0.015702 -0.046006 0.015702 0.0 0.0 0.0
0.00557714191114 -0.0455582378841 0.00557714191114 0.0 0.0 0.0
0.0108055899676 -0.0492032731253 0.0108055899676 0.0 0.0 0.0
0.015702 -0.046006 0.015702 0.0 0.0 0.0
0.014937467291 -0.0529149704584 0.014937467291 0.0 0.0 0.0
0.0185046115686 -0.0565542580058 0.0185046115686 0.0 0.0 0.0
0.0 0.0 0.0 0.0 0.0 0.0 
0.0187817264077 -0.0498434709787 0.0187817264077 0.0 0.0 0.0
0.015702 -0.046006 0.015702 0.0 0.0 0.0
0.015702 -0.046006 0.015702 0.0 0.0 0.0
0.0 0.0 0.0 0.0 0.0 0.0 
0.015702 -0.046006 0.015702 0.0 0.0 0.0
0.0268488830728 -0.0728338957366 0.0268488830728 0.0 0.0 0.0
0.0238955062573 -0.0693293044171 0.0238955062573 0.0 0.0 0.0
0.0244764239069 -0.0758733304928 0.0244764239069 0.0 0.0 0.0
0.027301 -0.0793761 0.027301 0.0 0.0 0.0
0.02454788295 -0.0825133806552 0.02454788295 0.0 0.0 0.0
0.024011231825 -0.0892656559834 0.024011231825 0.0 0.0 0.0
0.0 0.0 0.0 0.0 0.0 0.0 
0.0270749285203 -0.0860723037956 0.0270749285203 0.0 0.0 0.0
0.0292309637495 -0.0830545017145 0.0292309637495 0.0 0.0 0.0
0.027301 -0.0793761 0.027301 0.0 0.0 0.0
0.0 0.0 0.0 0.0 0.0 0.0 
0.0289869921939 -0.0764622551431 0.0289869921939 0.0 0.0 0.0
0.029695 -0.0964029 0.029695 0.0 0.0 0.0
0.029695 -0.0964029 0.029695 0.0 0.0 0.0
0.0299876724246 -0.0896746631482 0.0299876724246 0.0 0.0 0.0
0.029695 -0.0964029 0.029695 0.0 0.0 0.0
0.027757050886 -0.0927018545328 0.027757050886 0.0 0.0 0.0
0.0246717338033 -0.0958749659534 0.0246717338033 0.0 0.0 0.0
0.0 0.0 0.0 0.0 0.0 0.0 
0.029695 -0.0964029 0.029695 0.0 0.0 0.0
0.029695 -0.0964029 0.029695 0.0 0.0 0.0
0.029695 -0.0964029 0.029695 0.0 0.0 0.0
0.0 0.0 0.0 0.0 0.0 0.0 
0.029695 -0.0964029 0.029695 0.0 0.0 0.0
0.00793415717663 -0.0885931406213 0.00793415717663 0.0 0.0 0.0
0.00243528138816 -0.0852338227318 0.00243528138816 0.0 0.0 0.0
0.00205432735363 -0.0919030725115 0.00205432735363 0.0 0.0 0.0
0.007539 -0.0952665 0.007539 0.0 0.0 0.0
0.007539 -0.0952665 0.007539 0.0 0.0 0.0
0.007539 -0.0952665 0.007539 0.0 0.0 0.0
0.0 0.0 0.0 0.0 0.0 0.0 
0.007539 -0.0952665 0.007539 0.0 0.0 0.0
0.007539 -0.0952665 0.007539 0.0 0.0 0.0
0.0163471100604 -0.0954349402233 0.0163471100604 0.0 0.0 0.0
0.0 0.0 0.0 0.0 0.0 0.0 
0.0126115338844 -0.0919626385704 0.0126115338844 0.0 0.0 0.0
0.0115186793405 -0.0755751058817 0.0115186793405 0.0 0.0 0.0
0.00581203883762 -0.0789002057102 0.00581203883762 0.0 0.0 0.0
0.0114413777604 -0.0822796061825 0.0114413777604 0.0 0.0 0.0
0.016708 -0.0789821 0.016708 0.0 0.0 0.0
0.0160749321417 -0.0856602503863 0.0160749321417 0.0 0.0 0.0
0.019495660587 -0.0890658676832 0.019495660587 0.0 0.0 0.0
0.0 0.0 0.0 0.0 0.0 0.0 
0.0205194114084 -0.0823781028483 0.0205194114084 0.0 0.0 0.0
0.0205548579844 -0.0757061975285 0.0205548579844 0.0 0.0 0.0
0.0195326751327 -0.0690527604723 0.0195326751327 0.0 0.0 0.0
0.0 0.0 0.0 0.0 0.0 0.0 
0.0162038047571 -0.0722793501822 0.0162038047571 0.0 0.0 0.0
0.00216424612401 -0.065748209123 0.00216424612401 0.0 0.0 0.0
0.00218917828652 -0.0724977992507 0.00218917828652 0.0 0.0 0.0
0.00797983059635 -0.0691663169418 0.00797983059635 0.0 0.0 0.0
0.007539 -0.0624395 0.007539 0.0 0.0 0.0
0.0126871551546 -0.0658768609154 0.0126871551546 0.0 0.0 0.0
0.0166069640315 -0.0627141836993 0.0166069640315 0.0 0.0 0.0
0.0 0.0 0.0 0.0 0.0 0.0 
0.0122332451758 -0.0592082114003 0.0122332451758 0.0 0.0 0.0
0.00742851463267 -0.0556469758317 0.00742851463267 0.0 0.0 0.0
0.00195741753655 -0.0521151237027 0.00195741753655 0.0 0.0 0.0
0.0 0.0 0.0 0.0 0.0 0.0 
0.00199104795919 -0.0589999241322 0.00199104795919 0.0 0.0 0.0
-0.0116316820421 -0.0691569989361 -0.0116316820421 0.0 0.0 0.0
-0.0059418031952 -0.0724868074778 -0.0059418031952 0.0 0.0 0.0
-0.00584010808891 -0.0657458385851 -0.00584010808891 0.0 0.0 0.0
-0.0112902 -0.0624428 -0.0112902 0.0 0.0 0.0
-0.00569566722752 -0.0590084283821 -0.00569566722752 0.0 0.0 0.0
-0.00593258165944 -0.0521481487459 -0.00593258165944 0.0 0.0 0.0
0.0 0.0 0.0 0.0 0.0 0.0 
-0.0110556535497 -0.0556790942593 -0.0110556535497 0.0 0.0 0.0
-0.015941327303 -0.0592101045078 -0.015941327303 0.0 0.0 0.0
-0.0202496283529 -0.062737134682 -0.0202496283529 0.0 0.0 0.0
0.0 0.0 0.0 0.0 0.0 0.0 
-0.0163952078297 -0.0658823155136 -0.0163952078297 0.0 0.0 0.0
-0.0198408508802 -0.0722880711715 -0.0198408508802 0.0 0.0 0.0
-0.0233336635391 -0.0690812062086 -0.0233336635391 0.0 0.0 0.0
-0.024352080665 -0.0757254096322 -0.024352080665 0.0 0.0 0.0
-0.0204626 -0.0789865 -0.0204626 0.0 0.0 0.0
-0.0244929324801 -0.0823940190885 -0.0244929324801 0.0 0.0 0.0
-0.0236630558479 -0.0890787181198 -0.0236630558479 0.0 0.0 0.0
0.0 0.0 0.0 0.0 0.0 0.0 
-0.0200164192932 -0.0856654362754 -0.0200164192932 0.0 0.0 0.0
-0.0151666957802 -0.0822779609423 -0.0151666957802 0.0 0.0 0.0
-0.00942119267765 -0.0788956404949 -0.00942119267765 0.0 0.0 0.0
0.0 0.0 0.0 0.0 0.0 0.0 
-0.015078722812 -0.0755663959271 -0.015078722812 0.0 0.0 0.0
-0.00570041031503 -0.0919064796067 -0.00570041031503 0.0 0.0 0.0
-0.00571480136888 -0.0852315391274 -0.00571480136888 0.0 0.0 0.0
-0.0115802968487 -0.0885934666033 -0.0115802968487 0.0 0.0 0.0
-0.0112948 -0.0952661 -0.0112948 0.0 0.0 0.0
-0.0165506332275 -0.0919639306708 -0.0165506332275 0.0 0.0 0.0
-0.0206501209094 -0.0954369496783 -0.0206501209094 0.0 0.0 0.0
0.0 0.0 0.0 0.0 0.0 0.0 
-0.0112948 -0.0952661 -0.0112948 0.0 0.0 0.0
-0.0112948 -0.0952661 -0.0112948 0.0 0.0 0.0
-0.0112948 -0.0952661 -0.0112948 0.0 0.0 0.0
0.0 0.0 0.0 0.0 0.0 0.0 
-0.0112948 -0.0952661 -0.0112948 0.0 0.0 0.0
-0.0227204669177 -0.04979983516 -0.0227204669177 0.0 0.0 0.0
-0.0222135957446 -0.0565669932779 -0.0222135957446 0.0 0.0 0.0
-0.0185821323202 -0.0529161699864 -0.0185821323202 0.0 0.0 0.0
-0.0194069 -0.046032 -0.0194069 0.0 0.0 0.0
-0.0143749370329 -0.0492542970266 -0.0143749370329 0.0 0.0 0.0
-0.00933824801368 -0.0455886604127 -0.00933824801368 0.0 0.0 0.0
0.0 0.0 0.0 0.0 0.0 0.0 
-0.0194069 -0.046032 -0.0194069 0.0 0.0 0.0
-0.0194069 -0.046032 -0.0194069 0.0 0.0 0.0
-0.0194069 -0.046032 -0.0194069 0.0 0.0 0.0
0.0 0.0 0.0 0.0 0.0 0.0 
-0.0194069 -0.046032 -0.0194069 0.0 0.0 0.0
-0.0288233177208 -0.0540532494921 -0.0288233177208 0.0 0.0 0.0
-0.0259900186683 -0.0569490714538 -0.0259900186683 0.0 0.0 0.0
-0.0264877540332 -0.0502811534136 -0.0264877540332 0.0 0.0 0.0
-0.0293913 -0.047557 -0.0293913 0.0 0.0 0.0
-0.0293913 -0.047557 -0.0293913 0.0 0.0 0.0
-0.0293913 -0.047557 -0.0293913 0.0 0.0 0.0
0.0 0.0 0.0 0.0 0.0 0.0 
-0.0293913 -0.047557 -0.0293913 0.0 0.0 0.0
-0.0293913 -0.047557 -0.0293913 0.0 0.0 0.0
-0.0293913 -0.047557 -0.0293913 0.0 0.0 0.0
0.0 0.0 0.0 0.0 0.0 0.0 
-0.0293913 -0.047557 -0.0293913 0.0 0.0 0.0
-0.0327338 -0.0645262 -0.0327338 0.0 0.0 0.0
-0.0327338 -0.0645262 -0.0327338 0.0 0.0 0.0
-0.0327338 -0.0645262 -0.0327338 0.0 0.0 0.0
-0.0327338 -0.0645262 -0.0327338 0.0 0.0 0.0
-0.0327338 -0.0645262 -0.0327338 0.0 0.0 0.0
-0.0327338 -0.0645262 -0.0327338 0.0 0.0 0.0
0.0 0.0 0.0 0.0 0.0 0.0 
-0.0301303951414 -0.0600648062735 -0.0301303951414 0.0 0.0 0.0
-0.0327338 -0.0645262 -0.0327338 0.0 0.0 0.0
-0.0327338 -0.0645262 -0.0327338 0.0 0.0 0.0
0.0 0.0 0.0 0.0 0.0 0.0 
-0.0327338 -0.0645262 -0.0327338 0.0 0.0 0.0
-0.0299716 -0.046184 -0.0299716 0.0 0.0 0.0
-0.0299716 -0.046184 -0.0299716 0.0 0.0 0.0
-0.0299716 -0.046184 -0.0299716 0.0 0.0 0.0
-0.0299716 -0.046184 -0.0299716 0.0 0.0 0.0
-0.0295733420547 -0.0528701870804 -0.0295733420547 0.0 0.0 0.0
-0.0248136091263 -0.055448950789 -0.0248136091263 0.0 0.0 0.0
0.0 0.0 0.0 0.0 0.0 0.0 
-0.0271715661796 -0.0483509797383 -0.0271715661796 0.0 0.0 0.0
-0.0269791013964 -0.0417666943775 -0.0269791013964 0.0 0.0 0.0
-0.0299716 -0.046184 -0.0299716 0.0 0.0 0.0
0.0 0.0 0.0 0.0 0.0 0.0 
-0.0299716 -0.046184 -0.0299716 0.0 0.0 0.0
0.0 0.0 0.0 0.0 0.0 0.0 
0.0 0.0 0.0 0.0 0.0 0.0 
0.0 0.0 0.0 0.0 0.0 0.0 
0.0 0.0 0.0 0.0 0.0 0.0 
0.0 0.0 0.0 0.0 0.0 0.0 
0.0 0.0 0.0 0.0 0.0 0.0 
0.0 0.0 0.0 0.0 0.0 0.0 
0.0 0.0 0.0 0.0 0.0 0.0 
0.0 0.0 0.0 0.0 0.0 0.0 
0.0 0.0 0.0 0.0 0.0 0.0 
0.0 0.0 0.0 0.0 0.0 0.0 
0.0 0.0 0.0 0.0 0.0 0.0 
0.029047 -0.0643174 0.029047 0.0 0.0 0.0
0.029047 -0.0643174 0.029047 0.0 0.0 0.0
0.029047 -0.0643174 0.029047 0.0 0.0 0.0
0.029047 -0.0643174 0.029047 0.0 0.0 0.0
0.0268502422317 -0.0599381076583 0.0268502422317 0.0 0.0 0.0
0.0227008889943 -0.0630176259091 0.0227008889943 0.0 0.0 0.0
0.0 0.0 0.0 0.0 0.0 0.0 
0.029047 -0.0643174 0.029047 0.0 0.0 0.0
0.029047 -0.0643174 0.029047 0.0 0.0 0.0
0.029047 -0.0643174 0.029047 0.0 0.0 0.0
0.0 0.0 0.0 0.0 0.0 0.0 
0.029047 -0.0643174 0.029047 0.0 0.0 0.0
0.0 0.0 0.0 0.0 0.0 0.0 
0.0 0.0 0.0 0.0 0.0 0.0 
0.0 0.0 0.0 0.0 0.0 0.0 
0.0 0.0 0.0 0.0 0.0 0.0 
0.0 0.0 0.0 0.0 0.0 0.0 
0.0 0.0 0.0 0.0 0.0 0.0 
0.0 0.0 0.0 0.0 0.0 0.0 
0.0 0.0 0.0 0.0 0.0 0.0 
0.0 0.0 0.0 0.0 0.0 0.0 
0.0 0.0 0.0 0.0 0.0 0.0 
0.0 0.0 0.0 0.0 0.0 0.0 
0.0 0.0 0.0 0.0 0.0 0.0 
0.0 0.0 0.0 0.0 0.0 0.0 
0.0 0.0 0.0 0.0 0.0 0.0 
0.0 0.0 0.0 0.0 0.0 0.0 
0.0 0.0 0.0 0.0 0.0 0.0 
0.0 0.0 0.0 0.0 0.0 0.0 
0.0 0.0 0.0 0.0 0.0 0.0 
0.0 0.0 0.0 0.0 0.0 0.0 
0.0 0.0 0.0 0.0 0.0 0.0 
0.0 0.0 0.0 0.0 0.0 0.0 
0.0 0.0 0.0 0.0 0.0 0.0 
0.0 0.0 0.0 0.0 0.0 0.0 
0.0 0.0 0.0 0.0 0.0 0.0 
0.026476 -0.046016 0.026476 0.0 0.0 0.0
0.026476 -0.046016 0.026476 0.0 0.0 0.0
0.026476 -0.046016 0.026476 0.0 0.0 0.0
0.026476 -0.046016 0.026476 0.0 0.0 0.0
0.023789332557 -0.0483005606813 0.023789332557 0.0 0.0 0.0
0.0226918066418 -0.0554380830963 0.0226918066418 0.0 0.0 0.0
0.0 0.0 0.0 0.0 0.0 0.0 
0.026097313898 -0.052756399553 0.026097313898 0.0 0.0 0.0
0.026476 -0.046016 0.026476 0.0 0.0 0.0
0.026476 -0.046016 0.026476 0.0 0.0 0.0
0.0 0.0 0.0 0.0 0.0 0.0 
0.026476 -0.046016 0.026476 0.0 0.0 0.0
0.0 0.0 0.0 0.0 0.0 0.0 
0.0 0.0 0.0 0.0 0.0 0.0 
0.0 0.0 0.0 0.0 0.0 0.0 
0.0 0.0 0.0 0.0 0.0 0.0 
0.0 0.0 0.0 0.0 0.0 0.0 
0.0 0.0 0.0 0.0 0.0 0.0 
0.0 0.0 0.0 0.0 0.0 0.0 
0.0 0.0 0.0 0.0 0.0 0.0 
0.0 0.0 0.0 0.0 0.0 0.0 
0.0 0.0 0.0 0.0 0.0 0.0 
0.0 0.0 0.0 0.0 0.0 0.0 
0.0 0.0 0.0 0.0 0.0 0.0 
0.00747 -0.025893 0.00747 0.0 0.0 0.0
0.00747 -0.025893 0.00747 0.0 0.0 0.0
0.00747 -0.025893 0.00747 0.0 0.0 0.0
0.00747 -0.025893 0.00747 0.0 0.0 0.0
0.00164987972885 -0.0291451462355 0.00164987972885 0.0 0.0 0.0
0.00144322909751 -0.0356962721173 0.00144322909751 0.0 0.0 0.0
0.0 0.0 0.0 0.0 0.0 0.0 
0.00748763163798 -0.0326138567044 0.00748763163798 0.0 0.0 0.0
0.0125012320354 -0.0296410914353 0.0125012320354 0.0 0.0 0.0
0.00747 -0.025893 0.00747 0.0 0.0 0.0
0.0 0.0 0.0 0.0 0.0 0.0 
0.00747 -0.025893 0.00747 0.0 0.0 0.0
0.0193321125393 -0.0403896773706 0.0193321125393 0.0 0.0 0.0
0.015977 -0.042958 0.015977 0.0 0.0 0.0
0.0154010293729 -0.0362994665519 0.0154010293729 0.0 0.0 0.0
0.015977 -0.042958 0.015977 0.0 0.0 0.0
0.0110217537329 -0.0390854583898 0.0110217537329 0.0 0.0 0.0
0.00582025336355 -0.0420748312654 0.00582025336355 0.0 0.0 0.0
0.0 0.0 0.0 0.0 0.0 0.0 
0.0116875296332 -0.0460432935366 0.0116875296332 0.0 0.0 0.0
0.0150995335162 -0.0502670562115 0.0150995335162 0.0 0.0 0.0
0.0178169907864 -0.0546490716978 0.0178169907864 0.0 0.0 0.0
0.0 0.0 0.0 0.0 0.0 0.0 
0.0196797224259 -0.0470928342466 0.0196797224259 0.0 0.0 0.0
0.0 0.0 0.0 0.0 0.0 0.0 
0.0 0.0 0.0 0.0 0.0 0.0 
0.0 0.0 0.0 0.0 0.0 0.0 
0.0 0.0 0.0 0.0 0.0 0.0 
0.0 0.0 0.0 0.0 0.0 0.0 
0.0 0.0 0.0 0.0 0.0 0.0 
0.0 0.0 0.0 0.0 0.0 0.0 
0.0 0.0 0.0 0.0 0.0 0.0 
0.0 0.0 0.0 0.0 0.0 0.0 
0.0 0.0 0.0 0.0 0.0 0.0 
0.0 0.0 0.0 0.0 0.0 0.0 
0.0 0.0 0.0 0.0 0.0 0.0 
0.0 0.0 0.0 0.0 0.0 0.0 
0.0 0.0 0.0 0.0 0.0 0.0 
0.0 0.0 0.0 0.0 0.0 0.0 
0.0 0.0 0.0 0.0 0.0 0.0 
0.0 0.0 0.0 0.0 0.0 0.0 
0.0 0.0 0.0 0.0 0.0 0.0 
0.0 0.0 0.0 0.0 0.0 0.0 
0.0 0.0 0.0 0.0 0.0 0.0 
0.0 0.0 0.0 0.0 0.0 0.0 
0.0 0.0 0.0 0.0 0.0 0.0 
0.0 0.0 0.0 0.0 0.0 0.0 
0.0 0.0 0.0 0.0 0.0 0.0 
-0.0190110388206 -0.0364834474792 -0.0190110388206 0.0 0.0 0.0
-0.0196592 -0.043002 -0.0196592 0.0 0.0 0.0
-0.0230431942791 -0.0406130179203 -0.0230431942791 0.0 0.0 0.0
-0.0196592 -0.043002 -0.0196592 0.0 0.0 0.0
-0.0234391452865 -0.0471513702863 -0.0234391452865 0.0 0.0 0.0
-0.017984438294 -0.0546659109394 -0.017984438294 0.0 0.0 0.0
0.0 0.0 0.0 0.0 0.0 0.0 
-0.015506813518 -0.0502220096995 -0.015506813518 0.0 0.0 0.0
-0.0129882243204 -0.0459318476311 -0.0129882243204 0.0 0.0 0.0
-0.00944888686449 -0.0420146232152 -0.00944888686449 0.0 0.0 0.0
0.0 0.0 0.0 0.0 0.0 0.0 
-0.0149003919571 -0.0391559908245 -0.0149003919571 0.0 0.0 0.0
-0.0112006 -0.025907 -0.0112006 0.0 0.0 0.0
-0.0112006 -0.025907 -0.0112006 0.0 0.0 0.0
-0.0112006 -0.025907 -0.0112006 0.0 0.0 0.0
-0.0112006 -0.025907 -0.0112006 0.0 0.0 0.0
-0.0114011945503 -0.0327097555625 -0.0114011945503 0.0 0.0 0.0
-0.00651558699944 -0.0357439976975 -0.00651558699944 0.0 0.0 0.0
0.0 0.0 0.0 0.0 0.0 0.0 
-0.0057914237543 -0.0291807022369 -0.0057914237543 0.0 0.0 0.0
-0.0112006 -0.025907 -0.0112006 0.0 0.0 0.0
-0.0112006 -0.025907 -0.0112006 0.0 0.0 0.0
0.0 0.0 0.0 0.0 0.0 0.0 
-0.0112006 -0.025907 -0.0112006 0.0 0.0 0.0
0.0 0.0 0.0 0.0 0.0 0.0 
0.0 0.0 0.0 0.0 0.0 0.0 
0.0 0.0 0.0 0.0 0.0 0.0 
0.0 0.0 0.0 0.0 0.0 0.0 
0.0 0.0 0.0 0.0 0.0 0.0 
0.0 0.0 0.0 0.0 0.0 0.0 
0.0 0.0 0.0 0.0 0.0 0.0 
0.0 0.0 0.0 0.0 0.0 0.0 
0.0 0.0 0.0 0.0 0.0 0.0 
0.0 0.0 0.0 0.0 0.0 0.0 
0.0 0.0 0.0 0.0 0.0 0.0 
0.0 0.0 0.0 0.0 0.0 0.0 
0.0 0.0 0.0 0.0 0.0 0.0 
0.0 0.0 0.0 0.0 0.0 0.0 
0.0 0.0 0.0 0.0 0.0 0.0 
0.0 0.0 0.0 0.0 0.0 0.0 
0.0 0.0 0.0 0.0 0.0 0.0 
0.0 0.0 0.0 0.0 0.0 0.0 
0.0 0.0 0.0 0.0 0.0 0.0 
0.0 0.0 0.0 0.0 0.0 0.0 
0.0 0.0 0.0 0.0 0.0 0.0 
0.0 0.0 0.0 0.0 0.0 0.0 
0.0 0.0 0.0 0.0 0.0 0.0 
0.0 0.0 0.0 0.0 0.0 0.0 

