name    r_forearm
spatial_sampling     taxel
taxel2Repr (  3  3  3  3  3  3  -1  3  3  3  -1  3  15  15  15  15  15  15  -1  15  15  15  -1  15  27  27  27  27  27  27  -1  27  27  27  -1  27  39  39  39  39  39  39  -1  39  39  39  -1  39  51  51  51  51  51  51  -1  51  51  51  -1  51  63  63  63  63  63  63  -1  63  63  63  -1  63  75  75  75  75  75  75  -1  75  75  75  -1  75  87  87  87  87  87  87  -1  87  87  87  -1  87  99  99  99  99  99  99  -1  99  99  99  -1  99  111  111  111  111  111  111  -1  111  111  111  -1  111  123  123  123  123  123  123  -1  123  123  123  -1  123  135  135  135  135  135  135  -1  135  135  135  -1  135  147  147  147  147  147  147  -1  147  147  147  -1  147  159  159  159  159  159  159  -1  159  159  159  -1  159  171  171  171  171  171  171  -1  171  171  171  -1  171  183  183  183  183  183  183  -1  183  183  183  -1  183  195  195  195  195  195  195  -1  195  195  195  -1  195  207  207  207  207  207  207  -1  207  207  207  -1  207  -1  -1  -1  -1  -1  -1  -1  -1  -1  -1  -1  -1  231  231  231  231  231  231  -1  231  231  231  -1  231  -1  -1  -1  -1  -1  -1  -1  -1  -1  -1  -1  -1  -1  -1  -1  -1  -1  -1  -1  -1  -1  -1  -1  -1  267  267  267  267  267  267  -1  267  267  267  -1  267  -1  -1  -1  -1  -1  -1  -1  -1  -1  -1  -1  -1  291  291  291  291  291  291  -1  291  291  291  -1  291  303  303  303  303  303  303  -1  303  303  303  -1  303  -1  -1  -1  -1  -1  -1  -1  -1  -1  -1  -1  -1  -1  -1  -1  -1  -1  -1  -1  -1  -1  -1  -1  -1  339  339  339  339  339  339  -1  339  339  339  -1  339  351  351  351  351  351  351  -1  351  351  351  -1  351  -1  -1  -1  -1  -1  -1  -1  -1  -1  -1  -1  -1  -1  -1  -1  -1  -1  -1  -1  -1  -1  -1  -1  -1  )
[calibration]
-0.0285787673004 0.066992354308 -0.0285787673004 0.0 0.0 0.0
-0.0256388381864 0.0634023514058 -0.0256388381864 0.0 0.0 0.0
-0.027838295925 0.0605314406042 -0.027838295925 0.0 0.0 0.0
-0.03007 0.0642264 -0.03007 0.0 0.0 0.0
-0.03007 0.0642264 -0.03007 0.0 0.0 0.0
-0.03007 0.0642264 -0.03007 0.0 0.0 0.0
0.0 0.0 0.0 0.0 0.0 0.0 
-0.03007 0.0642264 -0.03007 0.0 0.0 0.0
-0.03007 0.0642264 -0.03007 0.0 0.0 0.0
-0.03007 0.0642264 -0.03007 0.0 0.0 0.0
0.0 0.0 0.0 0.0 0.0 0.0 
-0.03007 0.0642264 -0.03007 0.0 0.0 0.0
-0.0257591310317 0.075887253871 -0.0257591310317 0.0 0.0 0.0
-0.0250327376401 0.0693425395974 -0.0250327376401 0.0 0.0 0.0
-0.02824908943 0.07286478364 -0.02824908943 0.0 0.0 0.0
-0.028819 0.0794007 -0.028819 0.0 0.0 0.0
-0.030505987592 0.076522955491 -0.030505987592 0.0 0.0 0.0
-0.028819 0.0794007 -0.028819 0.0 0.0 0.0
0.0 0.0 0.0 0.0 0.0 0.0 
-0.0307974215706 0.0831038718306 -0.0307974215706 0.0 0.0 0.0
-0.0286364641203 0.0860927485055 -0.0286364641203 0.0 0.0 0.0
-0.0254233869142 0.0892693121545 -0.0254233869142 0.0 0.0 0.0
0.0 0.0 0.0 0.0 0.0 0.0 
-0.0259302436492 0.0825238900441 -0.0259302436492 0.0 0.0 0.0
-0.031272 0.0964461 -0.031272 0.0 0.0 0.0
-0.0263064317631 0.0958795094954 -0.0263064317631 0.0 0.0 0.0
-0.0293315404482 0.0927271773935 -0.0293315404482 0.0 0.0 0.0
-0.031272 0.0964461 -0.031272 0.0 0.0 0.0
-0.0315701749591 0.089727880324 -0.0315701749591 0.0 0.0 0.0
-0.031272 0.0964461 -0.031272 0.0 0.0 0.0
0.0 0.0 0.0 0.0 0.0 0.0 
-0.031272 0.0964461 -0.031272 0.0 0.0 0.0
-0.031272 0.0964461 -0.031272 0.0 0.0 0.0
-0.031272 0.0964461 -0.031272 0.0 0.0 0.0
0.0 0.0 0.0 0.0 0.0 0.0 
-0.031272 0.0964461 -0.031272 0.0 0.0 0.0
0.0288368688611 0.0604716380096 0.0288368688611 0.0 0.0 0.0
0.0268155767827 0.0633717029123 0.0268155767827 0.0 0.0 0.0
0.0294967596052 0.0669338973001 0.0294967596052 0.0 0.0 0.0
0.030898 0.0641237 0.030898 0.0 0.0 0.0
0.0314609293757 0.0706011845902 0.0314609293757 0.0 0.0 0.0
0.030898 0.0641237 0.030898 0.0 0.0 0.0
0.0 0.0 0.0 0.0 0.0 0.0 
0.030898 0.0641237 0.030898 0.0 0.0 0.0
0.030898 0.0641237 0.030898 0.0 0.0 0.0
0.030898 0.0641237 0.030898 0.0 0.0 0.0
0.0 0.0 0.0 0.0 0.0 0.0 
0.030898 0.0641237 0.030898 0.0 0.0 0.0
0.0251430160643 0.0503617002387 0.0251430160643 0.0 0.0 0.0
0.0249847634405 0.0569566169286 0.0249847634405 0.0 0.0 0.0
0.0275601304925 0.0540385131408 0.0275601304925 0.0 0.0 0.0
0.0281233 0.047461 0.0281233 0.0 0.0 0.0
0.0281233 0.047461 0.0281233 0.0 0.0 0.0
0.0281233 0.047461 0.0281233 0.0 0.0 0.0
0.0 0.0 0.0 0.0 0.0 0.0 
0.0281233 0.047461 0.0281233 0.0 0.0 0.0
0.0281233 0.047461 0.0281233 0.0 0.0 0.0
0.0281233 0.047461 0.0281233 0.0 0.0 0.0
0.0 0.0 0.0 0.0 0.0 0.0 
0.0281233 0.047461 0.0281233 0.0 0.0 0.0
0.0179553 0.046006 0.0179553 0.0 0.0 0.0
0.00783066677834 0.0455582378841 0.00783066677834 0.0 0.0 0.0
0.0130591550342 0.0492032731253 0.0130591550342 0.0 0.0 0.0
0.0179553 0.046006 0.0179553 0.0 0.0 0.0
0.0171911439138 0.0529149704584 0.0171911439138 0.0 0.0 0.0
0.0207583917476 0.0565542580058 0.0207583917476 0.0 0.0 0.0
0.0 0.0 0.0 0.0 0.0 0.0 
0.0210351992693 0.0498434709787 0.0210351992693 0.0 0.0 0.0
0.0179553 0.046006 0.0179553 0.0 0.0 0.0
0.0179553 0.046006 0.0179553 0.0 0.0 0.0
0.0 0.0 0.0 0.0 0.0 0.0 
0.0179553 0.046006 0.0179553 0.0 0.0 0.0
0.0291027620381 0.0728338957366 0.0291027620381 0.0 0.0 0.0
0.0261493889112 0.0693293044171 0.0261493889112 0.0 0.0 0.0
0.0267303326197 0.0758733304928 0.0267303326197 0.0 0.0 0.0
0.0295549 0.0793761 0.0295549 0.0 0.0 0.0
0.0268018315372 0.0825133806552 0.0268018315372 0.0 0.0 0.0
0.0262653234833 0.0892656559834 0.0262653234833 0.0 0.0 0.0
0.0 0.0 0.0 0.0 0.0 0.0 
0.0293289163543 0.0860723037956 0.0293289163543 0.0 0.0 0.0
0.0314849494868 0.0830545017145 0.0314849494868 0.0 0.0 0.0
0.0295549 0.0793761 0.0295549 0.0 0.0 0.0
0.0 0.0 0.0 0.0 0.0 0.0 
0.0312409497483 0.0764622551431 0.0312409497483 0.0 0.0 0.0
0.0319492 0.0964029 0.0319492 0.0 0.0 0.0
0.0319492 0.0964029 0.0319492 0.0 0.0 0.0
0.0322417927477 0.0896746631482 0.0322417927477 0.0 0.0 0.0
0.0319492 0.0964029 0.0319492 0.0 0.0 0.0
0.0300111847396 0.0927018545328 0.0300111847396 0.0 0.0 0.0
0.0269259647805 0.0958749659534 0.0269259647805 0.0 0.0 0.0
0.0 0.0 0.0 0.0 0.0 0.0 
0.0319492 0.0964029 0.0319492 0.0 0.0 0.0
0.0319492 0.0964029 0.0319492 0.0 0.0 0.0
0.0319492 0.0964029 0.0319492 0.0 0.0 0.0
0.0 0.0 0.0 0.0 0.0 0.0 
0.0319492 0.0964029 0.0319492 0.0 0.0 0.0
0.0101881774948 0.0885931406213 0.0101881774948 0.0 0.0 0.0
0.00468919413029 0.0852338227318 0.00468919413029 0.0 0.0 0.0
0.00430831186408 0.0919030725115 0.00430831186408 0.0 0.0 0.0
0.0097932 0.0952665 0.0097932 0.0 0.0 0.0
0.0097932 0.0952665 0.0097932 0.0 0.0 0.0
0.0097932 0.0952665 0.0097932 0.0 0.0 0.0
0.0 0.0 0.0 0.0 0.0 0.0 
0.0097932 0.0952665 0.0097932 0.0 0.0 0.0
0.0097932 0.0952665 0.0097932 0.0 0.0 0.0
0.0186013857829 0.0954349402233 0.0186013857829 0.0 0.0 0.0
0.0 0.0 0.0 0.0 0.0 0.0 
0.014865693147 0.0919626385704 0.014865693147 0.0 0.0 0.0
0.0137727000458 0.0755751058817 0.0137727000458 0.0 0.0 0.0
0.00806596230399 0.0789002057102 0.00806596230399 0.0 0.0 0.0
0.0136953640033 0.0822796061825 0.0136953640033 0.0 0.0 0.0
0.018962 0.0789821 0.018962 0.0 0.0 0.0
0.0183289718152 0.0856602503863 0.0183289718152 0.0 0.0 0.0
0.0217497679792 0.0890658676832 0.0217497679792 0.0 0.0 0.0
0.0 0.0 0.0 0.0 0.0 0.0 
0.0227733982202 0.0823781028483 0.0227733982202 0.0 0.0 0.0
0.022808832664 0.0757061975285 0.022808832664 0.0 0.0 0.0
0.021786628863 0.0690527604723 0.021786628863 0.0 0.0 0.0
0.0 0.0 0.0 0.0 0.0 0.0 
0.018457829911 0.0722793501822 0.018457829911 0.0 0.0 0.0
0.0044183816998 0.065748209123 0.0044183816998 0.0 0.0 0.0
0.00444318090064 0.0724977992507 0.00444318090064 0.0 0.0 0.0
0.0102339290389 0.0691663169418 0.0102339290389 0.0 0.0 0.0
0.0097931 0.0624395 0.0097931 0.0 0.0 0.0
0.0149412076699 0.0658768609154 0.0149412076699 0.0 0.0 0.0
0.0188609078526 0.0627141836993 0.0188609078526 0.0 0.0 0.0
0.0 0.0 0.0 0.0 0.0 0.0 
0.0144872083801 0.0592082114003 0.0144872083801 0.0 0.0 0.0
0.00968243719452 0.0556469758317 0.00968243719452 0.0 0.0 0.0
0.00421131934761 0.0521151237027 0.00421131934761 0.0 0.0 0.0
0.0 0.0 0.0 0.0 0.0 0.0 
0.00424517294473 0.0589999241322 0.00424517294473 0.0 0.0 0.0
-0.00937769423506 0.0691569989361 -0.00937769423506 0.0 0.0 0.0
-0.00368788496532 0.0724868074778 -0.00368788496532 0.0 0.0 0.0
-0.00358595417925 0.0657458385851 -0.00358595417925 0.0 0.0 0.0
-0.009036 0.0624428 -0.009036 0.0 0.0 0.0
-0.00344145972722 0.0590084283821 -0.00344145972722 0.0 0.0 0.0
-0.00367852463424 0.0521481487459 -0.00367852463424 0.0 0.0 0.0
0.0 0.0 0.0 0.0 0.0 0.0 
-0.0088014864831 0.0556790942593 -0.0088014864831 0.0 0.0 0.0
-0.0136871763763 0.0592101045078 -0.0136871763763 0.0 0.0 0.0
-0.0179955349722 0.062737134682 -0.0179955349722 0.0 0.0 0.0
0.0 0.0 0.0 0.0 0.0 0.0 
-0.0141410824826 0.0658823155136 -0.0141410824826 0.0 0.0 0.0
-0.0175869551288 0.0722880711715 -0.0175869551288 0.0 0.0 0.0
-0.0210795451103 0.0690812062086 -0.0210795451103 0.0 0.0 0.0
-0.0220982136291 0.0757254096322 -0.0220982136291 0.0 0.0 0.0
-0.018209 0.0789865 -0.018209 0.0 0.0 0.0
-0.0222391978352 0.0823940190885 -0.0222391978352 0.0 0.0 0.0
-0.0214092497033 0.0890787181198 -0.0214092497033 0.0 0.0 0.0
0.0 0.0 0.0 0.0 0.0 0.0 
-0.0177627847765 0.0856654362754 -0.0177627847765 0.0 0.0 0.0
-0.0129131001662 0.0822779609423 -0.0129131001662 0.0 0.0 0.0
-0.00716749447208 0.0788956404949 -0.00716749447208 0.0 0.0 0.0
0.0 0.0 0.0 0.0 0.0 0.0 
-0.0128250000729 0.0755663959271 -0.0128250000729 0.0 0.0 0.0
-0.00344656121328 0.0919064796067 -0.00344656121328 0.0 0.0 0.0
-0.0034610348177 0.0852315391274 -0.0034610348177 0.0 0.0 0.0
-0.00932660065553 0.0885934666033 -0.00932660065553 0.0 0.0 0.0
-0.009041 0.0952661 -0.009041 0.0 0.0 0.0
-0.0142968894819 0.0919639306708 -0.0142968894819 0.0 0.0 0.0
-0.0183964452638 0.0954369496783 -0.0183964452638 0.0 0.0 0.0
0.0 0.0 0.0 0.0 0.0 0.0 
-0.009041 0.0952661 -0.009041 0.0 0.0 0.0
-0.009041 0.0952661 -0.009041 0.0 0.0 0.0
-0.009041 0.0952661 -0.009041 0.0 0.0 0.0
0.0 0.0 0.0 0.0 0.0 0.0 
-0.009041 0.0952661 -0.009041 0.0 0.0 0.0
-0.0204665745769 0.04979983516 -0.0204665745769 0.0 0.0 0.0
-0.0199595807082 0.0565669932779 -0.0199595807082 0.0 0.0 0.0
-0.016328096928 0.0529161699864 -0.016328096928 0.0 0.0 0.0
-0.017153 0.046032 -0.017153 0.0 0.0 0.0
-0.012120923419 0.0492542970266 -0.012120923419 0.0 0.0 0.0
-0.00708438892531 0.0455886604127 -0.00708438892531 0.0 0.0 0.0
0.0 0.0 0.0 0.0 0.0 0.0 
-0.017153 0.046032 -0.017153 0.0 0.0 0.0
-0.017153 0.046032 -0.017153 0.0 0.0 0.0
-0.017153 0.046032 -0.017153 0.0 0.0 0.0
0.0 0.0 0.0 0.0 0.0 0.0 
-0.017153 0.046032 -0.017153 0.0 0.0 0.0
-0.0265696102462 0.0540532494921 -0.0265696102462 0.0 0.0 0.0
-0.0237360893624 0.0569490714538 -0.0237360893624 0.0 0.0 0.0
-0.0242340225101 0.0502811534136 -0.0242340225101 0.0 0.0 0.0
-0.027138 0.047557 -0.027138 0.0 0.0 0.0
-0.027138 0.047557 -0.027138 0.0 0.0 0.0
-0.027138 0.047557 -0.027138 0.0 0.0 0.0
0.0 0.0 0.0 0.0 0.0 0.0 
-0.027138 0.047557 -0.027138 0.0 0.0 0.0
-0.027138 0.047557 -0.027138 0.0 0.0 0.0
-0.027138 0.047557 -0.027138 0.0 0.0 0.0
0.0 0.0 0.0 0.0 0.0 0.0 
-0.027138 0.047557 -0.027138 0.0 0.0 0.0
-0.03048 0.0645262 -0.03048 0.0 0.0 0.0
-0.03048 0.0645262 -0.03048 0.0 0.0 0.0
-0.03048 0.0645262 -0.03048 0.0 0.0 0.0
-0.03048 0.0645262 -0.03048 0.0 0.0 0.0
-0.03048 0.0645262 -0.03048 0.0 0.0 0.0
-0.03048 0.0645262 -0.03048 0.0 0.0 0.0
0.0 0.0 0.0 0.0 0.0 0.0 
-0.0278764951787 0.0600648062735 -0.0278764951787 0.0 0.0 0.0
-0.03048 0.0645262 -0.03048 0.0 0.0 0.0
-0.03048 0.0645262 -0.03048 0.0 0.0 0.0
0.0 0.0 0.0 0.0 0.0 0.0 
-0.03048 0.0645262 -0.03048 0.0 0.0 0.0
-0.027718 0.046184 -0.027718 0.0 0.0 0.0
-0.027718 0.046184 -0.027718 0.0 0.0 0.0
-0.027718 0.046184 -0.027718 0.0 0.0 0.0
-0.027718 0.046184 -0.027718 0.0 0.0 0.0
-0.0273194908332 0.0528701870804 -0.0273194908332 0.0 0.0 0.0
-0.0225595296491 0.055448950789 -0.0225595296491 0.0 0.0 0.0
0.0 0.0 0.0 0.0 0.0 0.0 
-0.0249175993152 0.0483509797383 -0.0249175993152 0.0 0.0 0.0
-0.0247254230602 0.0417666943775 -0.0247254230602 0.0 0.0 0.0
-0.027718 0.046184 -0.027718 0.0 0.0 0.0
0.0 0.0 0.0 0.0 0.0 0.0 
-0.027718 0.046184 -0.027718 0.0 0.0 0.0
0.0 0.0 0.0 0.0 0.0 0.0 
0.0 0.0 0.0 0.0 0.0 0.0 
0.0 0.0 0.0 0.0 0.0 0.0 
0.0 0.0 0.0 0.0 0.0 0.0 
0.0 0.0 0.0 0.0 0.0 0.0 
0.0 0.0 0.0 0.0 0.0 0.0 
0.0 0.0 0.0 0.0 0.0 0.0 
0.0 0.0 0.0 0.0 0.0 0.0 
0.0 0.0 0.0 0.0 0.0 0.0 
0.0 0.0 0.0 0.0 0.0 0.0 
0.0 0.0 0.0 0.0 0.0 0.0 
0.0 0.0 0.0 0.0 0.0 0.0 
0.0313011 0.0643174 0.0313011 0.0 0.0 0.0
0.0313011 0.0643174 0.0313011 0.0 0.0 0.0
0.0313011 0.0643174 0.0313011 0.0 0.0 0.0
0.0313011 0.0643174 0.0313011 0.0 0.0 0.0
0.0291042401728 0.0599381076583 0.0291042401728 0.0 0.0 0.0
0.0249551265763 0.0630176259091 0.0249551265763 0.0 0.0 0.0
0.0 0.0 0.0 0.0 0.0 0.0 
0.0313011 0.0643174 0.0313011 0.0 0.0 0.0
0.0313011 0.0643174 0.0313011 0.0 0.0 0.0
0.0313011 0.0643174 0.0313011 0.0 0.0 0.0
0.0 0.0 0.0 0.0 0.0 0.0 
0.0313011 0.0643174 0.0313011 0.0 0.0 0.0
0.0 0.0 0.0 0.0 0.0 0.0 
0.0 0.0 0.0 0.0 0.0 0.0 
0.0 0.0 0.0 0.0 0.0 0.0 
0.0 0.0 0.0 0.0 0.0 0.0 
0.0 0.0 0.0 0.0 0.0 0.0 
0.0 0.0 0.0 0.0 0.0 0.0 
0.0 0.0 0.0 0.0 0.0 0.0 
0.0 0.0 0.0 0.0 0.0 0.0 
0.0 0.0 0.0 0.0 0.0 0.0 
0.0 0.0 0.0 0.0 0.0 0.0 
0.0 0.0 0.0 0.0 0.0 0.0 
0.0 0.0 0.0 0.0 0.0 0.0 
0.0 0.0 0.0 0.0 0.0 0.0 
0.0 0.0 0.0 0.0 0.0 0.0 
0.0 0.0 0.0 0.0 0.0 0.0 
0.0 0.0 0.0 0.0 0.0 0.0 
0.0 0.0 0.0 0.0 0.0 0.0 
0.0 0.0 0.0 0.0 0.0 0.0 
0.0 0.0 0.0 0.0 0.0 0.0 
0.0 0.0 0.0 0.0 0.0 0.0 
0.0 0.0 0.0 0.0 0.0 0.0 
0.0 0.0 0.0 0.0 0.0 0.0 
0.0 0.0 0.0 0.0 0.0 0.0 
0.0 0.0 0.0 0.0 0.0 0.0 
0.0287293 0.046016 0.0287293 0.0 0.0 0.0
0.0287293 0.046016 0.0287293 0.0 0.0 0.0
0.0287293 0.046016 0.0287293 0.0 0.0 0.0
0.0287293 0.046016 0.0287293 0.0 0.0 0.0
0.0260429906823 0.0483005606813 0.0260429906823 0.0 0.0 0.0
0.0249457901032 0.0554380830963 0.0249457901032 0.0 0.0 0.0
0.0 0.0 0.0 0.0 0.0 0.0 
0.0283510240301 0.052756399553 0.0283510240301 0.0 0.0 0.0
0.0287293 0.046016 0.0287293 0.0 0.0 0.0
0.0287293 0.046016 0.0287293 0.0 0.0 0.0
0.0 0.0 0.0 0.0 0.0 0.0 
0.0287293 0.046016 0.0287293 0.0 0.0 0.0
0.0 0.0 0.0 0.0 0.0 0.0 
0.0 0.0 0.0 0.0 0.0 0.0 
0.0 0.0 0.0 0.0 0.0 0.0 
0.0 0.0 0.0 0.0 0.0 0.0 
0.0 0.0 0.0 0.0 0.0 0.0 
0.0 0.0 0.0 0.0 0.0 0.0 
0.0 0.0 0.0 0.0 0.0 0.0 
0.0 0.0 0.0 0.0 0.0 0.0 
0.0 0.0 0.0 0.0 0.0 0.0 
0.0 0.0 0.0 0.0 0.0 0.0 
0.0 0.0 0.0 0.0 0.0 0.0 
0.0 0.0 0.0 0.0 0.0 0.0 
0.0097234 0.025893 0.0097234 0.0 0.0 0.0
0.0097234 0.025893 0.0097234 0.0 0.0 0.0
0.0097234 0.025893 0.0097234 0.0 0.0 0.0
0.0097234 0.025893 0.0097234 0.0 0.0 0.0
0.00390349197555 0.0291451462355 0.00390349197555 0.0 0.0 0.0
0.00369711400967 0.0356962721173 0.00369711400967 0.0 0.0 0.0
0.0 0.0 0.0 0.0 0.0 0.0 
0.00974126229861 0.0326138567044 0.00974126229861 0.0 0.0 0.0
0.0147546203302 0.0296410914353 0.0147546203302 0.0 0.0 0.0
0.0097234 0.025893 0.0097234 0.0 0.0 0.0
0.0 0.0 0.0 0.0 0.0 0.0 
0.0097234 0.025893 0.0097234 0.0 0.0 0.0
0.0215856396684 0.0403896773706 0.0215856396684 0.0 0.0 0.0
0.0182308 0.042958 0.0182308 0.0 0.0 0.0
0.0176545726248 0.0362994665519 0.0176545726248 0.0 0.0 0.0
0.0182308 0.042958 0.0182308 0.0 0.0 0.0
0.0132755524542 0.0390854583898 0.0132755524542 0.0 0.0 0.0
0.00807429619869 0.0420748312654 0.00807429619869 0.0 0.0 0.0
0.0 0.0 0.0 0.0 0.0 0.0 
0.0139415301207 0.0460432935366 0.0139415301207 0.0 0.0 0.0
0.0173535664756 0.0502670562115 0.0173535664756 0.0 0.0 0.0
0.020071076663 0.0546490716978 0.020071076663 0.0 0.0 0.0
0.0 0.0 0.0 0.0 0.0 0.0 
0.0219335442694 0.0470928342466 0.0219335442694 0.0 0.0 0.0
0.0 0.0 0.0 0.0 0.0 0.0 
0.0 0.0 0.0 0.0 0.0 0.0 
0.0 0.0 0.0 0.0 0.0 0.0 
0.0 0.0 0.0 0.0 0.0 0.0 
0.0 0.0 0.0 0.0 0.0 0.0 
0.0 0.0 0.0 0.0 0.0 0.0 
0.0 0.0 0.0 0.0 0.0 0.0 
0.0 0.0 0.0 0.0 0.0 0.0 
0.0 0.0 0.0 0.0 0.0 0.0 
0.0 0.0 0.0 0.0 0.0 0.0 
0.0 0.0 0.0 0.0 0.0 0.0 
0.0 0.0 0.0 0.0 0.0 0.0 
0.0 0.0 0.0 0.0 0.0 0.0 
0.0 0.0 0.0 0.0 0.0 0.0 
0.0 0.0 0.0 0.0 0.0 0.0 
0.0 0.0 0.0 0.0 0.0 0.0 
0.0 0.0 0.0 0.0 0.0 0.0 
0.0 0.0 0.0 0.0 0.0 0.0 
0.0 0.0 0.0 0.0 0.0 0.0 
0.0 0.0 0.0 0.0 0.0 0.0 
0.0 0.0 0.0 0.0 0.0 0.0 
0.0 0.0 0.0 0.0 0.0 0.0 
0.0 0.0 0.0 0.0 0.0 0.0 
0.0 0.0 0.0 0.0 0.0 0.0 
-0.0167571501985 0.0364834474792 -0.0167571501985 0.0 0.0 0.0
-0.017405 0.043002 -0.017405 0.0 0.0 0.0
-0.0207892999811 0.0406130179203 -0.0207892999811 0.0 0.0 0.0
-0.017405 0.043002 -0.017405 0.0 0.0 0.0
-0.0211849499084 0.0471513702863 -0.0211849499084 0.0 0.0 0.0
-0.015730312839 0.0546659109394 -0.015730312839 0.0 0.0 0.0
0.0 0.0 0.0 0.0 0.0 0.0 
-0.0132525912125 0.0502220096995 -0.0132525912125 0.0 0.0 0.0
-0.0107339312685 0.0459318476311 -0.0107339312685 0.0 0.0 0.0
-0.00719462125803 0.0420146232152 -0.00719462125803 0.0 0.0 0.0
0.0 0.0 0.0 0.0 0.0 0.0 
-0.012646272093 0.0391559908245 -0.012646272093 0.0 0.0 0.0
-0.008947 0.025907 -0.008947 0.0 0.0 0.0
-0.008947 0.025907 -0.008947 0.0 0.0 0.0
-0.008947 0.025907 -0.008947 0.0 0.0 0.0
-0.008947 0.025907 -0.008947 0.0 0.0 0.0
-0.00914734484926 0.0327097555625 -0.00914734484926 0.0 0.0 0.0
-0.00426160112788 0.0357439976975 -0.00426160112788 0.0 0.0 0.0
0.0 0.0 0.0 0.0 0.0 0.0 
-0.00353773324336 0.0291807022369 -0.00353773324336 0.0 0.0 0.0
-0.008947 0.025907 -0.008947 0.0 0.0 0.0
-0.008947 0.025907 -0.008947 0.0 0.0 0.0
0.0 0.0 0.0 0.0 0.0 0.0 
-0.008947 0.025907 -0.008947 0.0 0.0 0.0
0.0 0.0 0.0 0.0 0.0 0.0 
0.0 0.0 0.0 0.0 0.0 0.0 
0.0 0.0 0.0 0.0 0.0 0.0 
0.0 0.0 0.0 0.0 0.0 0.0 
0.0 0.0 0.0 0.0 0.0 0.0 
0.0 0.0 0.0 0.0 0.0 0.0 
0.0 0.0 0.0 0.0 0.0 0.0 
0.0 0.0 0.0 0.0 0.0 0.0 
0.0 0.0 0.0 0.0 0.0 0.0 
0.0 0.0 0.0 0.0 0.0 0.0 
0.0 0.0 0.0 0.0 0.0 0.0 
0.0 0.0 0.0 0.0 0.0 0.0 
0.0 0.0 0.0 0.0 0.0 0.0 
0.0 0.0 0.0 0.0 0.0 0.0 
0.0 0.0 0.0 0.0 0.0 0.0 
0.0 0.0 0.0 0.0 0.0 0.0 
0.0 0.0 0.0 0.0 0.0 0.0 
0.0 0.0 0.0 0.0 0.0 0.0 
0.0 0.0 0.0 0.0 0.0 0.0 
0.0 0.0 0.0 0.0 0.0 0.0 
0.0 0.0 0.0 0.0 0.0 0.0 
0.0 0.0 0.0 0.0 0.0 0.0 
0.0 0.0 0.0 0.0 0.0 0.0 
0.0 0.0 0.0 0.0 0.0 0.0 

