name    r_lower_leg
spatial_sampling     taxel
taxel2Repr (  3  3  3  3  3  3  -1  3  3  3  -1  3  -1  -1  -1  -1  -1  -1  -1  -1  -1  -1  -1  -1  -1  -1  -1  -1  -1  -1  -1  -1  -1  -1  -1  -1  39  39  39  39  39  39  -1  39  39  39  -1  39  51  51  51  51  51  51  -1  51  51  51  -1  51  63  63  63  63  63  63  -1  63  63  63  -1  63  75  75  75  75  75  75  -1  75  75  75  -1  75  -1  -1  -1  -1  -1  -1  -1  -1  -1  -1  -1  -1  -1  -1  -1  -1  -1  -1  -1  -1  -1  -1  -1  -1  111  111  111  111  111  111  -1  111  111  111  -1  111  123  123  123  123  123  123  -1  123  123  123  -1  123  135  135  135  135  135  135  -1  135  135  135  -1  135  -1  -1  -1  -1  -1  -1  -1  -1  -1  -1  -1  -1  -1  -1  -1  -1  -1  -1  -1  -1  -1  -1  -1  -1  171  171  171  171  171  171  -1  171  171  171  -1  171  183  183  183  183  183  183  -1  183  183  183  -1  183  195  195  195  195  195  195  -1  195  195  195  -1  195  207  207  207  207  207  207  -1  207  207  207  -1  207  -1  -1  -1  -1  -1  -1  -1  -1  -1  -1  -1  -1  231  231  231  231  231  231  -1  231  231  231  -1  231  243  243  243  243  243  243  -1  243  243  243  -1  243  255  255  255  255  255  255  -1  255  255  255  -1  255  -1  -1  -1  -1  -1  -1  -1  -1  -1  -1  -1  -1  -1  -1  -1  -1  -1  -1  -1  -1  -1  -1  -1  -1  -1  -1  -1  -1  -1  -1  -1  -1  -1  -1  -1  -1  -1  -1  -1  -1  -1  -1  -1  -1  -1  -1  -1  -1  -1  -1  -1  -1  -1  -1  -1  -1  -1  -1  -1  -1  -1  -1  -1  -1  -1  -1  -1  -1  -1  -1  -1  -1  339  339  339  339  339  339  -1  339  339  339  -1  339  351  351  351  351  351  351  -1  351  351  351  -1  351  -1  -1  -1  -1  -1  -1  -1  -1  -1  -1  -1  -1  375  375  375  375  375  375  -1  375  375  375  -1  375  387  387  387  387  387  387  -1  387  387  387  -1  387  -1  -1  -1  -1  -1  -1  -1  -1  -1  -1  -1  -1  -1  -1  -1  -1  -1  -1  -1  -1  -1  -1  -1  -1  423  423  423  423  423  423  -1  423  423  423  -1  423  435  435  435  435  435  435  -1  435  435  435  -1  435  447  447  447  447  447  447  -1  447  447  447  -1  447  459  459  459  459  459  459  -1  459  459  459  -1  459  -1  -1  -1  -1  -1  -1  -1  -1  -1  -1  -1  -1  -1  -1  -1  -1  -1  -1  -1  -1  -1  -1  -1  -1  495  495  495  495  495  495  -1  495  495  495  -1  495  507  507  507  507  507  507  -1  507  507  507  -1  507  519  519  519  519  519  519  -1  519  519  519  -1  519  -1  -1  -1  -1  -1  -1  -1  -1  -1  -1  -1  -1  -1  -1  -1  -1  -1  -1  -1  -1  -1  -1  -1  -1  555  555  555  555  555  555  -1  555  555  555  -1  555  567  567  567  567  567  567  -1  567  567  567  -1  567  -1  -1  -1  -1  -1  -1  -1  -1  -1  -1  -1  -1  591  591  591  591  591  591  -1  591  591  591  -1  591  603  603  603  603  603  603  -1  603  603  603  -1  603  615  615  615  615  615  615  -1  615  615  615  -1  615  627  627  627  627  627  627  -1  627  627  627  -1  627  639  639  639  639  639  639  -1  639  639  639  -1  639  651  651  651  651  651  651  -1  651  651  651  -1  651  663  663  663  663  663  663  -1  663  663  663  -1  663  675  675  675  675  675  675  -1  675  675  675  -1  675  -1  -1  -1  -1  -1  -1  -1  -1  -1  -1  -1  -1  -1  -1  -1  -1  -1  -1  -1  -1  -1  -1  -1  -1  -1  -1  -1  -1  -1  -1  -1  -1  -1  -1  -1  -1  723  723  723  723  723  723  -1  723  723  723  -1  723  735  735  735  735  735  735  -1  735  735  735  -1  735  -1  -1  -1  -1  -1  -1  -1  -1  -1  -1  -1  -1  -1  -1  -1  -1  -1  -1  -1  -1  -1  -1  -1  -1  )
[calibration]
-0.0215	-0.0026	0.0544	-0.6018	0.1548	0.7834
-0.0215	-0.0026	0.0544	-0.6018	0.1548	0.7834
-0.0215	-0.0026	0.0544	-0.6018	0.1548	0.7834
-0.0215	-0.0026	0.0544	-0.6018	0.1548	0.7834
-0.0154	-0.0023	0.0566	-0.6018	0.1548	0.7834
-0.0122	-0.0080	0.0580	-0.6018	0.1548	0.7834
0.0000	0.0000	0.0000	0.0000	0.0000	0.0000
-0.0185	-0.0082	0.0557	-0.6018	0.1548	0.7834
-0.0215	-0.0026	0.0544	-0.6018	0.1548	0.7834
-0.0215	-0.0026	0.0544	-0.6018	0.1548	0.7834
0.0000	0.0000	0.0000	0.0000	0.0000	0.0000
-0.0215	-0.0026	0.0544	-0.6018	0.1548	0.7834
0.0000	0.0000	0.0000	0.0000	0.0000	0.0000
0.0000	0.0000	0.0000	0.0000	0.0000	0.0000
0.0000	0.0000	0.0000	0.0000	0.0000	0.0000
0.0000	0.0000	0.0000	0.0000	0.0000	0.0000
0.0000	0.0000	0.0000	0.0000	0.0000	0.0000
0.0000	0.0000	0.0000	0.0000	0.0000	0.0000
0.0000	0.0000	0.0000	0.0000	0.0000	0.0000
0.0000	0.0000	0.0000	0.0000	0.0000	0.0000
0.0000	0.0000	0.0000	0.0000	0.0000	0.0000
0.0000	0.0000	0.0000	0.0000	0.0000	0.0000
0.0000	0.0000	0.0000	0.0000	0.0000	0.0000
0.0000	0.0000	0.0000	0.0000	0.0000	0.0000
0.0000	0.0000	0.0000	0.0000	0.0000	0.0000
0.0000	0.0000	0.0000	0.0000	0.0000	0.0000
0.0000	0.0000	0.0000	0.0000	0.0000	0.0000
0.0000	0.0000	0.0000	0.0000	0.0000	0.0000
0.0000	0.0000	0.0000	0.0000	0.0000	0.0000
0.0000	0.0000	0.0000	0.0000	0.0000	0.0000
0.0000	0.0000	0.0000	0.0000	0.0000	0.0000
0.0000	0.0000	0.0000	0.0000	0.0000	0.0000
0.0000	0.0000	0.0000	0.0000	0.0000	0.0000
0.0000	0.0000	0.0000	0.0000	0.0000	0.0000
0.0000	0.0000	0.0000	0.0000	0.0000	0.0000
0.0000	0.0000	0.0000	0.0000	0.0000	0.0000
0.0400	-0.0028	0.0515	0.7356	0.1408	0.6625
0.0400	-0.0028	0.0515	0.7356	0.1408	0.6625
0.0400	-0.0028	0.0515	0.7356	0.1408	0.6625
0.0400	-0.0028	0.0515	0.7356	0.1408	0.6625
0.0373	-0.0083	0.0533	0.7356	0.1408	0.6625
0.0316	-0.0081	0.0563	0.7356	0.1408	0.6625
0.0000	0.0000	0.0000	0.0000	0.0000	0.0000
0.0346	-0.0024	0.0547	0.7356	0.1408	0.6625
0.0400	-0.0028	0.0515	0.7356	0.1408	0.6625
0.0400	-0.0028	0.0515	0.7356	0.1408	0.6625
0.0000	0.0000	0.0000	0.0000	0.0000	0.0000
0.0400	-0.0028	0.0515	0.7356	0.1408	0.6625
0.0264	0.0072	0.0583	0.3550	0.3092	0.8821
0.0264	0.0072	0.0583	0.3550	0.3092	0.8821
0.0264	0.0072	0.0583	0.3550	0.3092	0.8821
0.0264	0.0072	0.0583	0.3550	0.3092	0.8821
0.0292	0.0012	0.0572	0.3550	0.3092	0.8821
0.0258	-0.0044	0.0588	0.3550	0.3092	0.8821
0.0000	0.0000	0.0000	0.0000	0.0000	0.0000
0.0229	0.0014	0.0599	0.3550	0.3092	0.8821
0.0264	0.0072	0.0583	0.3550	0.3092	0.8821
0.0264	0.0072	0.0583	0.3550	0.3092	0.8821
0.0000	0.0000	0.0000	0.0000	0.0000	0.0000
0.0264	0.0072	0.0583	0.3550	0.3092	0.8821
0.0166	-0.0019	0.0625	0.0001	0.1832	0.9830
0.0198	-0.0077	0.0617	0.0001	0.1832	0.9830
0.0133	-0.0076	0.0640	0.0001	0.1832	0.9830
0.0099	-0.0019	0.0636	0.0001	0.1832	0.9830
0.0066	-0.0076	0.0641	0.0001	0.1832	0.9830
0.0000	-0.0076	0.0623	0.0001	0.1832	0.9830
0.0000	0.0000	0.0000	0.0000	0.0000	0.0000
0.0032	-0.0019	0.0629	0.0001	0.1832	0.9830
0.0065	0.0038	0.0621	0.0001	0.1832	0.9830
0.0099	-0.0019	0.0636	0.0001	0.1832	0.9830
0.0000	0.0000	0.0000	0.0000	0.0000	0.0000
0.0134	0.0038	0.0620	0.0001	0.1832	0.9830
0.0401	-0.0221	0.0520	0.7390	-0.1027	0.6657
0.0401	-0.0221	0.0520	0.7390	-0.1027	0.6657
0.0401	-0.0221	0.0520	0.7390	-0.1027	0.6657
0.0401	-0.0221	0.0520	0.7390	-0.1027	0.6657
0.0345	-0.0219	0.0553	0.7390	-0.1027	0.6657
0.0315	-0.0160	0.0566	0.7390	-0.1027	0.6657
0.0000	0.0000	0.0000	0.0000	0.0000	0.0000
0.0373	-0.0162	0.0535	0.7390	-0.1027	0.6657
0.0401	-0.0221	0.0520	0.7390	-0.1027	0.6657
0.0401	-0.0221	0.0520	0.7390	-0.1027	0.6657
0.0000	0.0000	0.0000	0.0000	0.0000	0.0000
0.0401	-0.0221	0.0520	0.7390	-0.1027	0.6657
0.0000	0.0000	0.0000	0.0000	0.0000	0.0000
0.0000	0.0000	0.0000	0.0000	0.0000	0.0000
0.0000	0.0000	0.0000	0.0000	0.0000	0.0000
0.0000	0.0000	0.0000	0.0000	0.0000	0.0000
0.0000	0.0000	0.0000	0.0000	0.0000	0.0000
0.0000	0.0000	0.0000	0.0000	0.0000	0.0000
0.0000	0.0000	0.0000	0.0000	0.0000	0.0000
0.0000	0.0000	0.0000	0.0000	0.0000	0.0000
0.0000	0.0000	0.0000	0.0000	0.0000	0.0000
0.0000	0.0000	0.0000	0.0000	0.0000	0.0000
0.0000	0.0000	0.0000	0.0000	0.0000	0.0000
0.0000	0.0000	0.0000	0.0000	0.0000	0.0000
0.0000	0.0000	0.0000	0.0000	0.0000	0.0000
0.0000	0.0000	0.0000	0.0000	0.0000	0.0000
0.0000	0.0000	0.0000	0.0000	0.0000	0.0000
0.0000	0.0000	0.0000	0.0000	0.0000	0.0000
0.0000	0.0000	0.0000	0.0000	0.0000	0.0000
0.0000	0.0000	0.0000	0.0000	0.0000	0.0000
0.0000	0.0000	0.0000	0.0000	0.0000	0.0000
0.0000	0.0000	0.0000	0.0000	0.0000	0.0000
0.0000	0.0000	0.0000	0.0000	0.0000	0.0000
0.0000	0.0000	0.0000	0.0000	0.0000	0.0000
0.0000	0.0000	0.0000	0.0000	0.0000	0.0000
0.0000	0.0000	0.0000	0.0000	0.0000	0.0000
0.0264	-0.0309	0.0598	0.3606	-0.2265	0.9047
0.0264	-0.0309	0.0598	0.3606	-0.2265	0.9047
0.0264	-0.0309	0.0598	0.3606	-0.2265	0.9047
0.0264	-0.0309	0.0598	0.3606	-0.2265	0.9047
0.0264	-0.0309	0.0598	0.3606	-0.2265	0.9047
0.0264	-0.0309	0.0598	0.3606	-0.2265	0.9047
0.0000	0.0000	0.0000	0.0000	0.0000	0.0000
0.0199	-0.0308	0.0617	0.3606	-0.2265	0.9047
0.0228	-0.0249	0.0610	0.3606	-0.2265	0.9047
0.0258	-0.0192	0.0593	0.3606	-0.2265	0.9047
0.0000	0.0000	0.0000	0.0000	0.0000	0.0000
0.0291	-0.0252	0.0582	0.3606	-0.2265	0.9047
0.0133	-0.0154	0.0641	0.0004	-0.0996	0.9950
0.0197	-0.0156	0.0621	0.0004	-0.0996	0.9950
0.0166	-0.0213	0.0633	0.0004	-0.0996	0.9950
0.0100	-0.0212	0.0644	0.0004	-0.0996	0.9950
0.0134	-0.0271	0.0634	0.0004	-0.0996	0.9950
0.0100	-0.0212	0.0644	0.0004	-0.0996	0.9950
0.0000	0.0000	0.0000	0.0000	0.0000	0.0000
0.0067	-0.0271	0.0636	0.0004	-0.0996	0.9950
0.0033	-0.0212	0.0637	0.0004	-0.0996	0.9950
0.0001	-0.0155	0.0627	0.0004	-0.0996	0.9950
0.0000	0.0000	0.0000	0.0000	0.0000	0.0000
0.0066	-0.0154	0.0643	0.0004	-0.0996	0.9950
-0.0094	-0.0251	0.0596	-0.2609	-0.2403	0.9349
-0.0061	-0.0191	0.0605	-0.2609	-0.2403	0.9349
-0.0029	-0.0249	0.0618	-0.2609	-0.2403	0.9349
-0.0064	-0.0308	0.0607	-0.2609	-0.2403	0.9349
0.0002	-0.0307	0.0622	-0.2609	-0.2403	0.9349
-0.0064	-0.0308	0.0607	-0.2609	-0.2403	0.9349
0.0000	0.0000	0.0000	0.0000	0.0000	0.0000
-0.0064	-0.0308	0.0607	-0.2609	-0.2403	0.9349
-0.0064	-0.0308	0.0607	-0.2609	-0.2403	0.9349
-0.0064	-0.0308	0.0607	-0.2609	-0.2403	0.9349
0.0000	0.0000	0.0000	0.0000	0.0000	0.0000
-0.0064	-0.0308	0.0607	-0.2609	-0.2403	0.9349
0.0000	0.0000	0.0000	0.0000	0.0000	0.0000
0.0000	0.0000	0.0000	0.0000	0.0000	0.0000
0.0000	0.0000	0.0000	0.0000	0.0000	0.0000
0.0000	0.0000	0.0000	0.0000	0.0000	0.0000
0.0000	0.0000	0.0000	0.0000	0.0000	0.0000
0.0000	0.0000	0.0000	0.0000	0.0000	0.0000
0.0000	0.0000	0.0000	0.0000	0.0000	0.0000
0.0000	0.0000	0.0000	0.0000	0.0000	0.0000
0.0000	0.0000	0.0000	0.0000	0.0000	0.0000
0.0000	0.0000	0.0000	0.0000	0.0000	0.0000
0.0000	0.0000	0.0000	0.0000	0.0000	0.0000
0.0000	0.0000	0.0000	0.0000	0.0000	0.0000
0.0000	0.0000	0.0000	0.0000	0.0000	0.0000
0.0000	0.0000	0.0000	0.0000	0.0000	0.0000
0.0000	0.0000	0.0000	0.0000	0.0000	0.0000
0.0000	0.0000	0.0000	0.0000	0.0000	0.0000
0.0000	0.0000	0.0000	0.0000	0.0000	0.0000
0.0000	0.0000	0.0000	0.0000	0.0000	0.0000
0.0000	0.0000	0.0000	0.0000	0.0000	0.0000
0.0000	0.0000	0.0000	0.0000	0.0000	0.0000
0.0000	0.0000	0.0000	0.0000	0.0000	0.0000
0.0000	0.0000	0.0000	0.0000	0.0000	0.0000
0.0000	0.0000	0.0000	0.0000	0.0000	0.0000
0.0000	0.0000	0.0000	0.0000	0.0000	0.0000
-0.0184	-0.0160	0.0560	-0.6049	-0.1055	0.7892
-0.0122	-0.0159	0.0584	-0.6049	-0.1055	0.7892
-0.0154	-0.0217	0.0574	-0.6049	-0.1055	0.7892
-0.0215	-0.0219	0.0550	-0.6049	-0.1055	0.7892
-0.0215	-0.0219	0.0550	-0.6049	-0.1055	0.7892
-0.0215	-0.0219	0.0550	-0.6049	-0.1055	0.7892
0.0000	0.0000	0.0000	0.0000	0.0000	0.0000
-0.0215	-0.0219	0.0550	-0.6049	-0.1055	0.7892
-0.0215	-0.0219	0.0550	-0.6049	-0.1055	0.7892
-0.0215	-0.0219	0.0550	-0.6049	-0.1055	0.7892
0.0000	0.0000	0.0000	0.0000	0.0000	0.0000
-0.0215	-0.0219	0.0550	-0.6049	-0.1055	0.7892
-0.0065	0.0072	0.0591	-0.2565	0.3133	0.9143
-0.0065	0.0072	0.0591	-0.2565	0.3133	0.9143
0.0001	0.0073	0.0606	-0.2565	0.3133	0.9143
-0.0065	0.0072	0.0591	-0.2565	0.3133	0.9143
-0.0030	0.0014	0.0606	-0.2565	0.3133	0.9143
-0.0061	-0.0044	0.0599	-0.2565	0.3133	0.9143
0.0000	0.0000	0.0000	0.0000	0.0000	0.0000
-0.0095	0.0013	0.0585	-0.2565	0.3133	0.9143
-0.0065	0.0072	0.0591	-0.2565	0.3133	0.9143
-0.0065	0.0072	0.0591	-0.2565	0.3133	0.9143
0.0000	0.0000	0.0000	0.0000	0.0000	0.0000
-0.0065	0.0072	0.0591	-0.2565	0.3133	0.9143
-0.0406	-0.0045	0.0272	-0.9234	0.0381	0.3817
-0.0406	-0.0045	0.0272	-0.9234	0.0381	0.3817
-0.0406	-0.0045	0.0272	-0.9234	0.0381	0.3817
-0.0406	-0.0045	0.0272	-0.9234	0.0381	0.3817
-0.0374	-0.0044	0.0326	-0.9234	0.0381	0.3817
-0.0356	-0.0104	0.0353	-0.9234	0.0381	0.3817
0.0000	0.0000	0.0000	0.0000	0.0000	0.0000
-0.0390	-0.0105	0.0303	-0.9234	0.0381	0.3817
-0.0406	-0.0045	0.0272	-0.9234	0.0381	0.3817
-0.0406	-0.0045	0.0272	-0.9234	0.0381	0.3817
0.0000	0.0000	0.0000	0.0000	0.0000	0.0000
-0.0406	-0.0045	0.0272	-0.9234	0.0381	0.3817
-0.0406	-0.0238	0.0278	-0.9246	-0.0071	0.3807
-0.0406	-0.0238	0.0278	-0.9246	-0.0071	0.3807
-0.0406	-0.0238	0.0278	-0.9246	-0.0071	0.3807
-0.0406	-0.0238	0.0278	-0.9246	-0.0071	0.3807
-0.0391	-0.0176	0.0306	-0.9246	-0.0071	0.3807
-0.0357	-0.0174	0.0359	-0.9246	-0.0071	0.3807
0.0000	0.0000	0.0000	0.0000	0.0000	0.0000
-0.0377	-0.0235	0.0336	-0.9246	-0.0071	0.3807
-0.0394	-0.0296	0.0309	-0.9246	-0.0071	0.3807
-0.0406	-0.0238	0.0278	-0.9246	-0.0071	0.3807
0.0000	0.0000	0.0000	0.0000	0.0000	0.0000
-0.0406	-0.0238	0.0278	-0.9246	-0.0071	0.3807
0.0000	0.0000	0.0000	0.0000	0.0000	0.0000
0.0000	0.0000	0.0000	0.0000	0.0000	0.0000
0.0000	0.0000	0.0000	0.0000	0.0000	0.0000
0.0000	0.0000	0.0000	0.0000	0.0000	0.0000
0.0000	0.0000	0.0000	0.0000	0.0000	0.0000
0.0000	0.0000	0.0000	0.0000	0.0000	0.0000
0.0000	0.0000	0.0000	0.0000	0.0000	0.0000
0.0000	0.0000	0.0000	0.0000	0.0000	0.0000
0.0000	0.0000	0.0000	0.0000	0.0000	0.0000
0.0000	0.0000	0.0000	0.0000	0.0000	0.0000
0.0000	0.0000	0.0000	0.0000	0.0000	0.0000
0.0000	0.0000	0.0000	0.0000	0.0000	0.0000
0.0507	0.0060	0.0357	0.8244	0.1353	0.5494
0.0507	0.0060	0.0357	0.8244	0.1353	0.5494
0.0507	0.0060	0.0357	0.8244	0.1353	0.5494
0.0507	0.0060	0.0357	0.8244	0.1353	0.5494
0.0507	0.0060	0.0357	0.8244	0.1353	0.5494
0.0507	0.0060	0.0357	0.8244	0.1353	0.5494
0.0000	0.0000	0.0000	0.0000	0.0000	0.0000
0.0507	0.0060	0.0357	0.8244	0.1353	0.5494
0.0512	0.0011	0.0331	0.8244	0.1353	0.5494
0.0467	-0.0004	0.0351	0.8244	0.1353	0.5494
0.0000	0.0000	0.0000	0.0000	0.0000	0.0000
0.0464	0.0044	0.0375	0.8244	0.1353	0.5494
0.0565	-0.0105	0.0260	0.9539	0.0705	0.2916
0.0510	-0.0069	0.0306	0.9539	0.0705	0.2916
0.0548	-0.0042	0.0283	0.9539	0.0705	0.2916
0.0576	-0.0049	0.0234	0.9539	0.0705	0.2916
0.0576	-0.0049	0.0234	0.9539	0.0705	0.2916
0.0576	-0.0049	0.0234	0.9539	0.0705	0.2916
0.0000	0.0000	0.0000	0.0000	0.0000	0.0000
0.0576	-0.0049	0.0234	0.9539	0.0705	0.2916
0.0576	-0.0049	0.0234	0.9539	0.0705	0.2916
0.0576	-0.0049	0.0234	0.9539	0.0705	0.2916
0.0000	0.0000	0.0000	0.0000	0.0000	0.0000
0.0576	-0.0049	0.0234	0.9539	0.0705	0.2916
0.0505	-0.0185	0.0287	0.9542	0.0153	0.2986
0.0487	-0.0117	0.0308	0.9542	0.0153	0.2986
0.0555	-0.0167	0.0263	0.9542	0.0153	0.2986
0.0582	-0.0242	0.0242	0.9542	0.0153	0.2986
0.0582	-0.0242	0.0242	0.9542	0.0153	0.2986
0.0582	-0.0242	0.0242	0.9542	0.0153	0.2986
0.0000	0.0000	0.0000	0.0000	0.0000	0.0000
0.0582	-0.0242	0.0242	0.9542	0.0153	0.2986
0.0582	-0.0242	0.0242	0.9542	0.0153	0.2986
0.0582	-0.0242	0.0242	0.9542	0.0153	0.2986
0.0000	0.0000	0.0000	0.0000	0.0000	0.0000
0.0528	-0.0260	0.0270	0.9542	0.0153	0.2986
0.0000	0.0000	0.0000	0.0000	0.0000	0.0000
0.0000	0.0000	0.0000	0.0000	0.0000	0.0000
0.0000	0.0000	0.0000	0.0000	0.0000	0.0000
0.0000	0.0000	0.0000	0.0000	0.0000	0.0000
0.0000	0.0000	0.0000	0.0000	0.0000	0.0000
0.0000	0.0000	0.0000	0.0000	0.0000	0.0000
0.0000	0.0000	0.0000	0.0000	0.0000	0.0000
0.0000	0.0000	0.0000	0.0000	0.0000	0.0000
0.0000	0.0000	0.0000	0.0000	0.0000	0.0000
0.0000	0.0000	0.0000	0.0000	0.0000	0.0000
0.0000	0.0000	0.0000	0.0000	0.0000	0.0000
0.0000	0.0000	0.0000	0.0000	0.0000	0.0000
0.0000	0.0000	0.0000	0.0000	0.0000	0.0000
0.0000	0.0000	0.0000	0.0000	0.0000	0.0000
0.0000	0.0000	0.0000	0.0000	0.0000	0.0000
0.0000	0.0000	0.0000	0.0000	0.0000	0.0000
0.0000	0.0000	0.0000	0.0000	0.0000	0.0000
0.0000	0.0000	0.0000	0.0000	0.0000	0.0000
0.0000	0.0000	0.0000	0.0000	0.0000	0.0000
0.0000	0.0000	0.0000	0.0000	0.0000	0.0000
0.0000	0.0000	0.0000	0.0000	0.0000	0.0000
0.0000	0.0000	0.0000	0.0000	0.0000	0.0000
0.0000	0.0000	0.0000	0.0000	0.0000	0.0000
0.0000	0.0000	0.0000	0.0000	0.0000	0.0000
0.0000	0.0000	0.0000	0.0000	0.0000	0.0000
0.0000	0.0000	0.0000	0.0000	0.0000	0.0000
0.0000	0.0000	0.0000	0.0000	0.0000	0.0000
0.0000	0.0000	0.0000	0.0000	0.0000	0.0000
0.0000	0.0000	0.0000	0.0000	0.0000	0.0000
0.0000	0.0000	0.0000	0.0000	0.0000	0.0000
0.0000	0.0000	0.0000	0.0000	0.0000	0.0000
0.0000	0.0000	0.0000	0.0000	0.0000	0.0000
0.0000	0.0000	0.0000	0.0000	0.0000	0.0000
0.0000	0.0000	0.0000	0.0000	0.0000	0.0000
0.0000	0.0000	0.0000	0.0000	0.0000	0.0000
0.0000	0.0000	0.0000	0.0000	0.0000	0.0000
0.0000	0.0000	0.0000	0.0000	0.0000	0.0000
0.0000	0.0000	0.0000	0.0000	0.0000	0.0000
0.0000	0.0000	0.0000	0.0000	0.0000	0.0000
0.0000	0.0000	0.0000	0.0000	0.0000	0.0000
0.0000	0.0000	0.0000	0.0000	0.0000	0.0000
0.0000	0.0000	0.0000	0.0000	0.0000	0.0000
0.0000	0.0000	0.0000	0.0000	0.0000	0.0000
0.0000	0.0000	0.0000	0.0000	0.0000	0.0000
0.0000	0.0000	0.0000	0.0000	0.0000	0.0000
0.0000	0.0000	0.0000	0.0000	0.0000	0.0000
0.0000	0.0000	0.0000	0.0000	0.0000	0.0000
0.0000	0.0000	0.0000	0.0000	0.0000	0.0000
0.0000	0.0000	0.0000	0.0000	0.0000	0.0000
0.0000	0.0000	0.0000	0.0000	0.0000	0.0000
0.0000	0.0000	0.0000	0.0000	0.0000	0.0000
0.0000	0.0000	0.0000	0.0000	0.0000	0.0000
0.0000	0.0000	0.0000	0.0000	0.0000	0.0000
0.0000	0.0000	0.0000	0.0000	0.0000	0.0000
0.0000	0.0000	0.0000	0.0000	0.0000	0.0000
0.0000	0.0000	0.0000	0.0000	0.0000	0.0000
0.0000	0.0000	0.0000	0.0000	0.0000	0.0000
0.0000	0.0000	0.0000	0.0000	0.0000	0.0000
0.0000	0.0000	0.0000	0.0000	0.0000	0.0000
0.0000	0.0000	0.0000	0.0000	0.0000	0.0000
0.0000	0.0000	0.0000	0.0000	0.0000	0.0000
0.0000	0.0000	0.0000	0.0000	0.0000	0.0000
0.0000	0.0000	0.0000	0.0000	0.0000	0.0000
0.0000	0.0000	0.0000	0.0000	0.0000	0.0000
0.0000	0.0000	0.0000	0.0000	0.0000	0.0000
0.0000	0.0000	0.0000	0.0000	0.0000	0.0000
0.0000	0.0000	0.0000	0.0000	0.0000	0.0000
0.0000	0.0000	0.0000	0.0000	0.0000	0.0000
0.0000	0.0000	0.0000	0.0000	0.0000	0.0000
0.0000	0.0000	0.0000	0.0000	0.0000	0.0000
0.0000	0.0000	0.0000	0.0000	0.0000	0.0000
0.0000	0.0000	0.0000	0.0000	0.0000	0.0000
-0.0352	-0.0386	0.0384	-0.8005	-0.0482	0.5973
-0.0327	-0.0327	0.0408	-0.8005	-0.0482	0.5973
-0.0366	-0.0329	0.0361	-0.8005	-0.0482	0.5973
-0.0327	-0.0327	0.0408	-0.8005	-0.0482	0.5973
-0.0344	-0.0268	0.0385	-0.8005	-0.0482	0.5973
-0.0321	-0.0209	0.0401	-0.8005	-0.0482	0.5973
0.0000	0.0000	0.0000	0.0000	0.0000	0.0000
-0.0301	-0.0268	0.0423	-0.8005	-0.0482	0.5973
-0.0281	-0.0326	0.0443	-0.8005	-0.0482	0.5973
-0.0250	-0.0386	0.0441	-0.8005	-0.0482	0.5973
0.0000	0.0000	0.0000	0.0000	0.0000	0.0000
-0.0305	-0.0386	0.0420	-0.8005	-0.0482	0.5973
-0.0338	-0.0524	0.0384	-0.7923	-0.0364	0.6090
-0.0338	-0.0524	0.0384	-0.7923	-0.0364	0.6090
-0.0338	-0.0524	0.0384	-0.7923	-0.0364	0.6090
-0.0338	-0.0524	0.0384	-0.7923	-0.0364	0.6090
-0.0304	-0.0466	0.0402	-0.7923	-0.0364	0.6090
-0.0240	-0.0468	0.0411	-0.7923	-0.0364	0.6090
0.0000	0.0000	0.0000	0.0000	0.0000	0.0000
-0.0338	-0.0524	0.0384	-0.7923	-0.0364	0.6090
-0.0338	-0.0524	0.0384	-0.7923	-0.0364	0.6090
-0.0338	-0.0524	0.0384	-0.7923	-0.0364	0.6090
0.0000	0.0000	0.0000	0.0000	0.0000	0.0000
-0.0338	-0.0524	0.0384	-0.7923	-0.0364	0.6090
0.0000	0.0000	0.0000	0.0000	0.0000	0.0000
0.0000	0.0000	0.0000	0.0000	0.0000	0.0000
0.0000	0.0000	0.0000	0.0000	0.0000	0.0000
0.0000	0.0000	0.0000	0.0000	0.0000	0.0000
0.0000	0.0000	0.0000	0.0000	0.0000	0.0000
0.0000	0.0000	0.0000	0.0000	0.0000	0.0000
0.0000	0.0000	0.0000	0.0000	0.0000	0.0000
0.0000	0.0000	0.0000	0.0000	0.0000	0.0000
0.0000	0.0000	0.0000	0.0000	0.0000	0.0000
0.0000	0.0000	0.0000	0.0000	0.0000	0.0000
0.0000	0.0000	0.0000	0.0000	0.0000	0.0000
0.0000	0.0000	0.0000	0.0000	0.0000	0.0000
-0.0326	0.0063	0.0391	-0.7941	0.1515	0.5884
-0.0326	0.0063	0.0391	-0.7941	0.1515	0.5884
-0.0326	0.0063	0.0391	-0.7941	0.1515	0.5884
-0.0326	0.0063	0.0391	-0.7941	0.1515	0.5884
-0.0299	0.0003	0.0401	-0.7941	0.1515	0.5884
-0.0319	-0.0057	0.0388	-0.7941	0.1515	0.5884
0.0000	0.0000	0.0000	0.0000	0.0000	0.0000
-0.0341	0.0002	0.0369	-0.7941	0.1515	0.5884
-0.0326	0.0063	0.0391	-0.7941	0.1515	0.5884
-0.0326	0.0063	0.0391	-0.7941	0.1515	0.5884
0.0000	0.0000	0.0000	0.0000	0.0000	0.0000
-0.0326	0.0063	0.0391	-0.7941	0.1515	0.5884
0.0196	-0.0610	0.0549	0.6012	-0.0483	0.7975
0.0213	-0.0658	0.0545	0.6012	-0.0483	0.7975
0.0422	-0.0807	0.0459	0.6012	-0.0483	0.7975
0.0138	-0.0649	0.0562	0.6012	-0.0483	0.7975
0.0367	-0.0614	0.0496	0.6012	-0.0483	0.7975
0.0294	-0.0642	0.0520	0.6012	-0.0483	0.7975
0.0000	0.0000	0.0000	0.0000	0.0000	0.0000
0.0420	-0.0613	0.0471	0.6012	-0.0483	0.7975
0.0341	-0.0601	0.0492	0.6012	-0.0483	0.7975
0.0422	-0.0807	0.0459	0.6012	-0.0483	0.7975
0.0000	0.0000	0.0000	0.0000	0.0000	0.0000
0.0422	-0.0807	0.0459	0.6012	-0.0483	0.7975
0.0000	0.0000	0.0000	0.0000	0.0000	0.0000
0.0000	0.0000	0.0000	0.0000	0.0000	0.0000
0.0000	0.0000	0.0000	0.0000	0.0000	0.0000
0.0000	0.0000	0.0000	0.0000	0.0000	0.0000
0.0000	0.0000	0.0000	0.0000	0.0000	0.0000
0.0000	0.0000	0.0000	0.0000	0.0000	0.0000
0.0000	0.0000	0.0000	0.0000	0.0000	0.0000
0.0000	0.0000	0.0000	0.0000	0.0000	0.0000
0.0000	0.0000	0.0000	0.0000	0.0000	0.0000
0.0000	0.0000	0.0000	0.0000	0.0000	0.0000
0.0000	0.0000	0.0000	0.0000	0.0000	0.0000
0.0000	0.0000	0.0000	0.0000	0.0000	0.0000
0.0000	0.0000	0.0000	0.0000	0.0000	0.0000
0.0000	0.0000	0.0000	0.0000	0.0000	0.0000
0.0000	0.0000	0.0000	0.0000	0.0000	0.0000
0.0000	0.0000	0.0000	0.0000	0.0000	0.0000
0.0000	0.0000	0.0000	0.0000	0.0000	0.0000
0.0000	0.0000	0.0000	0.0000	0.0000	0.0000
0.0000	0.0000	0.0000	0.0000	0.0000	0.0000
0.0000	0.0000	0.0000	0.0000	0.0000	0.0000
0.0000	0.0000	0.0000	0.0000	0.0000	0.0000
0.0000	0.0000	0.0000	0.0000	0.0000	0.0000
0.0000	0.0000	0.0000	0.0000	0.0000	0.0000
0.0000	0.0000	0.0000	0.0000	0.0000	0.0000
-0.0215	-0.0801	0.0477	-0.5147	-0.0531	0.8557
-0.0215	-0.0801	0.0477	-0.5147	-0.0531	0.8557
-0.0215	-0.0801	0.0477	-0.5147	-0.0531	0.8557
-0.0215	-0.0801	0.0477	-0.5147	-0.0531	0.8557
0.0309	-0.0608	0.0530	-0.5147	-0.0531	0.8557
0.0323	-0.0657	0.0515	-0.5147	-0.0531	0.8557
0.0000	0.0000	0.0000	0.0000	0.0000	0.0000
0.0268	-0.0501	0.0558	-0.5147	-0.0531	0.8557
-0.0215	-0.0801	0.0477	-0.5147	-0.0531	0.8557
-0.0215	-0.0801	0.0477	-0.5147	-0.0531	0.8557
0.0000	0.0000	0.0000	0.0000	0.0000	0.0000
-0.0215	-0.0801	0.0477	-0.5147	-0.0531	0.8557
-0.0059	-0.0883	0.0532	-0.2056	-0.0548	0.9770
-0.0059	-0.0883	0.0532	-0.2056	-0.0548	0.9770
-0.0059	-0.0883	0.0532	-0.2056	-0.0548	0.9770
-0.0059	-0.0883	0.0532	-0.2056	-0.0548	0.9770
-0.0059	-0.0883	0.0532	-0.2056	-0.0548	0.9770
-0.0059	-0.0883	0.0532	-0.2056	-0.0548	0.9770
0.0000	0.0000	0.0000	0.0000	0.0000	0.0000
0.0273	-0.0888	0.0526	-0.2056	-0.0548	0.9770
0.0236	-0.0825	0.0535	-0.2056	-0.0548	0.9770
0.0260	-0.0765	0.0530	-0.2056	-0.0548	0.9770
0.0000	0.0000	0.0000	0.0000	0.0000	0.0000
0.0298	-0.0828	0.0518	-0.2056	-0.0548	0.9770
0.0106	-0.0783	0.0552	0.0075	-0.0475	0.9988
0.0106	-0.0783	0.0552	0.0075	-0.0475	0.9988
0.0106	-0.0783	0.0552	0.0075	-0.0475	0.9988
0.0106	-0.0783	0.0552	0.0075	-0.0475	0.9988
0.0106	-0.0783	0.0552	0.0075	-0.0475	0.9988
0.0106	-0.0783	0.0552	0.0075	-0.0475	0.9988
0.0000	0.0000	0.0000	0.0000	0.0000	0.0000
0.0422	-0.0807	0.0459	0.0075	-0.0475	0.9988
0.0339	-0.0786	0.0504	0.0075	-0.0475	0.9988
0.0315	-0.0731	0.0515	0.0075	-0.0475	0.9988
0.0000	0.0000	0.0000	0.0000	0.0000	0.0000
0.0335	-0.0705	0.0511	0.0075	-0.0475	0.9988
-0.0215	-0.0607	0.0488	-0.5152	-0.0550	0.8552
-0.0215	-0.0607	0.0488	-0.5152	-0.0550	0.8552
-0.0215	-0.0607	0.0488	-0.5152	-0.0550	0.8552
-0.0215	-0.0607	0.0488	-0.5152	-0.0550	0.8552
-0.0215	-0.0607	0.0488	-0.5152	-0.0550	0.8552
-0.0215	-0.0607	0.0488	-0.5152	-0.0550	0.8552
0.0000	0.0000	0.0000	0.0000	0.0000	0.0000
-0.0215	-0.0607	0.0488	-0.5152	-0.0550	0.8552
-0.0215	-0.0607	0.0488	-0.5152	-0.0550	0.8552
-0.0215	-0.0607	0.0488	-0.5152	-0.0550	0.8552
0.0000	0.0000	0.0000	0.0000	0.0000	0.0000
-0.0215	-0.0607	0.0488	-0.5152	-0.0550	0.8552
0.0000	0.0000	0.0000	0.0000	0.0000	0.0000
0.0000	0.0000	0.0000	0.0000	0.0000	0.0000
0.0000	0.0000	0.0000	0.0000	0.0000	0.0000
0.0000	0.0000	0.0000	0.0000	0.0000	0.0000
0.0000	0.0000	0.0000	0.0000	0.0000	0.0000
0.0000	0.0000	0.0000	0.0000	0.0000	0.0000
0.0000	0.0000	0.0000	0.0000	0.0000	0.0000
0.0000	0.0000	0.0000	0.0000	0.0000	0.0000
0.0000	0.0000	0.0000	0.0000	0.0000	0.0000
0.0000	0.0000	0.0000	0.0000	0.0000	0.0000
0.0000	0.0000	0.0000	0.0000	0.0000	0.0000
0.0000	0.0000	0.0000	0.0000	0.0000	0.0000
0.0000	0.0000	0.0000	0.0000	0.0000	0.0000
0.0000	0.0000	0.0000	0.0000	0.0000	0.0000
0.0000	0.0000	0.0000	0.0000	0.0000	0.0000
0.0000	0.0000	0.0000	0.0000	0.0000	0.0000
0.0000	0.0000	0.0000	0.0000	0.0000	0.0000
0.0000	0.0000	0.0000	0.0000	0.0000	0.0000
0.0000	0.0000	0.0000	0.0000	0.0000	0.0000
0.0000	0.0000	0.0000	0.0000	0.0000	0.0000
0.0000	0.0000	0.0000	0.0000	0.0000	0.0000
0.0000	0.0000	0.0000	0.0000	0.0000	0.0000
0.0000	0.0000	0.0000	0.0000	0.0000	0.0000
0.0000	0.0000	0.0000	0.0000	0.0000	0.0000
-0.0062	-0.0498	0.0566	-0.2423	-0.1632	0.9563
-0.0062	-0.0498	0.0566	-0.2423	-0.1632	0.9563
-0.0062	-0.0498	0.0566	-0.2423	-0.1632	0.9563
-0.0062	-0.0498	0.0566	-0.2423	-0.1632	0.9563
-0.0062	-0.0498	0.0566	-0.2423	-0.1632	0.9563
-0.0062	-0.0498	0.0566	-0.2423	-0.1632	0.9563
0.0000	0.0000	0.0000	0.0000	0.0000	0.0000
-0.0059	-0.0883	0.0532	-0.2423	-0.1632	0.9563
-0.0094	-0.0825	0.0525	-0.2423	-0.1632	0.9563
-0.0064	-0.0762	0.0536	-0.2423	-0.1632	0.9563
0.0000	0.0000	0.0000	0.0000	0.0000	0.0000
-0.0032	-0.0818	0.0543	-0.2423	-0.1632	0.9563
0.0104	-0.0590	0.0570	0.0068	-0.1351	0.9908
0.0104	-0.0590	0.0570	0.0068	-0.1351	0.9908
0.0104	-0.0590	0.0570	0.0068	-0.1351	0.9908
0.0104	-0.0590	0.0570	0.0068	-0.1351	0.9908
0.0033	-0.0780	0.0552	0.0068	-0.1351	0.9908
-0.0011	-0.0716	0.0558	0.0068	-0.1351	0.9908
0.0000	0.0000	0.0000	0.0000	0.0000	0.0000
0.0106	-0.0783	0.0552	0.0068	-0.1351	0.9908
0.0137	-0.0724	0.0558	0.0068	-0.1351	0.9908
0.0205	-0.0731	0.0544	0.0068	-0.1351	0.9908
0.0000	0.0000	0.0000	0.0000	0.0000	0.0000
0.0172	-0.0786	0.0547	0.0068	-0.1351	0.9908
0.0142	-0.0845	0.0545	0.5841	-0.0323	0.8109
0.0420	-0.0613	0.0471	0.5841	-0.0323	0.8109
0.0420	-0.0613	0.0471	0.5841	-0.0323	0.8109
0.0073	-0.0844	0.0547	0.5841	-0.0323	0.8109
0.0420	-0.0613	0.0471	0.5841	-0.0323	0.8109
0.0420	-0.0613	0.0471	0.5841	-0.0323	0.8109
0.0000	0.0000	0.0000	0.0000	0.0000	0.0000
-0.0215	-0.0607	0.0488	0.5841	-0.0323	0.8109
-0.0159	-0.0596	0.0521	0.5841	-0.0323	0.8109
-0.0127	-0.0651	0.0527	0.5841	-0.0323	0.8109
0.0000	0.0000	0.0000	0.0000	0.0000	0.0000
-0.0186	-0.0660	0.0500	0.5841	-0.0323	0.8109
0.0000	0.0000	0.0000	0.0000	0.0000	0.0000
0.0000	0.0000	0.0000	0.0000	0.0000	0.0000
0.0000	0.0000	0.0000	0.0000	0.0000	0.0000
0.0000	0.0000	0.0000	0.0000	0.0000	0.0000
0.0000	0.0000	0.0000	0.0000	0.0000	0.0000
0.0000	0.0000	0.0000	0.0000	0.0000	0.0000
0.0000	0.0000	0.0000	0.0000	0.0000	0.0000
0.0000	0.0000	0.0000	0.0000	0.0000	0.0000
0.0000	0.0000	0.0000	0.0000	0.0000	0.0000
0.0000	0.0000	0.0000	0.0000	0.0000	0.0000
0.0000	0.0000	0.0000	0.0000	0.0000	0.0000
0.0000	0.0000	0.0000	0.0000	0.0000	0.0000
0.0000	0.0000	0.0000	0.0000	0.0000	0.0000
0.0000	0.0000	0.0000	0.0000	0.0000	0.0000
0.0000	0.0000	0.0000	0.0000	0.0000	0.0000
0.0000	0.0000	0.0000	0.0000	0.0000	0.0000
0.0000	0.0000	0.0000	0.0000	0.0000	0.0000
0.0000	0.0000	0.0000	0.0000	0.0000	0.0000
0.0000	0.0000	0.0000	0.0000	0.0000	0.0000
0.0000	0.0000	0.0000	0.0000	0.0000	0.0000
0.0000	0.0000	0.0000	0.0000	0.0000	0.0000
0.0000	0.0000	0.0000	0.0000	0.0000	0.0000
0.0000	0.0000	0.0000	0.0000	0.0000	0.0000
0.0000	0.0000	0.0000	0.0000	0.0000	0.0000
0.0268	-0.0501	0.0558	0.3166	-0.1427	0.9377
0.0268	-0.0501	0.0558	0.3166	-0.1427	0.9377
0.0268	-0.0501	0.0558	0.3166	-0.1427	0.9377
0.0268	-0.0501	0.0558	0.3166	-0.1427	0.9377
0.0268	-0.0501	0.0558	0.3166	-0.1427	0.9377
0.0268	-0.0501	0.0558	0.3166	-0.1427	0.9377
0.0000	0.0000	0.0000	0.0000	0.0000	0.0000
-0.0062	-0.0498	0.0566	0.3166	-0.1427	0.9377
0.0268	-0.0501	0.0558	0.3166	-0.1427	0.9377
0.0268	-0.0501	0.0558	0.3166	-0.1427	0.9377
0.0000	0.0000	0.0000	0.0000	0.0000	0.0000
0.0028	-0.0514	0.0563	0.3166	-0.1427	0.9377
-0.0032	-0.0553	0.0564	0.2592	-0.0538	0.9643
-0.0065	-0.0613	0.0548	0.2592	-0.0538	0.9643
0.0273	-0.0888	0.0526	0.2592	-0.0538	0.9643
-0.0100	-0.0555	0.0549	0.2592	-0.0538	0.9643
0.0054	-0.0636	0.0574	0.2592	-0.0538	0.9643
-0.0012	-0.0637	0.0564	0.2592	-0.0538	0.9643
0.0000	0.0000	0.0000	0.0000	0.0000	0.0000
0.0104	-0.0590	0.0570	0.2592	-0.0538	0.9643
0.0089	-0.0546	0.0565	0.2592	-0.0538	0.9643
0.0273	-0.0888	0.0526	0.2592	-0.0538	0.9643
0.0000	0.0000	0.0000	0.0000	0.0000	0.0000
0.0194	-0.0574	0.0542	0.2592	-0.0538	0.9643
0.0000	0.0000	0.0000	0.0000	0.0000	0.0000
0.0000	0.0000	0.0000	0.0000	0.0000	0.0000
0.0000	0.0000	0.0000	0.0000	0.0000	0.0000
0.0000	0.0000	0.0000	0.0000	0.0000	0.0000
0.0000	0.0000	0.0000	0.0000	0.0000	0.0000
0.0000	0.0000	0.0000	0.0000	0.0000	0.0000
0.0000	0.0000	0.0000	0.0000	0.0000	0.0000
0.0000	0.0000	0.0000	0.0000	0.0000	0.0000
0.0000	0.0000	0.0000	0.0000	0.0000	0.0000
0.0000	0.0000	0.0000	0.0000	0.0000	0.0000
0.0000	0.0000	0.0000	0.0000	0.0000	0.0000
0.0000	0.0000	0.0000	0.0000	0.0000	0.0000
0.0421	-0.1388	0.0411	0.6645	-0.0807	0.7428
0.0421	-0.1388	0.0411	0.6645	-0.0807	0.7428
0.0421	-0.1388	0.0411	0.6645	-0.0807	0.7428
0.0421	-0.1388	0.0411	0.6645	-0.0807	0.7428
0.0421	-0.1388	0.0411	0.6645	-0.0807	0.7428
0.0421	-0.1388	0.0411	0.6645	-0.0807	0.7428
0.0000	0.0000	0.0000	0.0000	0.0000	0.0000
0.0421	-0.1388	0.0411	0.6645	-0.0807	0.7428
0.0362	-0.1381	0.0446	0.6645	-0.0807	0.7428
0.0330	-0.1317	0.0462	0.6645	-0.0807	0.7428
0.0000	0.0000	0.0000	0.0000	0.0000	0.0000
0.0391	-0.1323	0.0434	0.6645	-0.0807	0.7428
0.0421	-0.1194	0.0430	0.6393	-0.0717	0.7655
0.0421	-0.1194	0.0430	0.6393	-0.0717	0.7655
0.0421	-0.1194	0.0430	0.6393	-0.0717	0.7655
0.0421	-0.1194	0.0430	0.6393	-0.0717	0.7655
0.0391	-0.1252	0.0439	0.6393	-0.0717	0.7655
0.0329	-0.1245	0.0468	0.6393	-0.0717	0.7655
0.0000	0.0000	0.0000	0.0000	0.0000	0.0000
0.0360	-0.1188	0.0460	0.6393	-0.0717	0.7655
0.0421	-0.1194	0.0430	0.6393	-0.0717	0.7655
0.0421	-0.1194	0.0430	0.6393	-0.0717	0.7655
0.0000	0.0000	0.0000	0.0000	0.0000	0.0000
0.0421	-0.1194	0.0430	0.6393	-0.0717	0.7655
0.0274	-0.1082	0.0514	0.2681	-0.0644	0.9612
0.0274	-0.1082	0.0514	0.2681	-0.0644	0.9612
0.0274	-0.1082	0.0514	0.2681	-0.0644	0.9612
0.0274	-0.1082	0.0514	0.2681	-0.0644	0.9612
0.0302	-0.1139	0.0490	0.2681	-0.0644	0.9612
0.0268	-0.1193	0.0496	0.2681	-0.0644	0.9612
0.0000	0.0000	0.0000	0.0000	0.0000	0.0000
0.0237	-0.1132	0.0512	0.2681	-0.0644	0.9612
0.0274	-0.1082	0.0514	0.2681	-0.0644	0.9612
0.0274	-0.1082	0.0514	0.2681	-0.0644	0.9612
0.0000	0.0000	0.0000	0.0000	0.0000	0.0000
0.0274	-0.1082	0.0514	0.2681	-0.0644	0.9612
0.0075	-0.1113	0.0531	0.0108	-0.0675	0.9976
0.0109	-0.1168	0.0529	0.0108	-0.0675	0.9976
0.0142	-0.1114	0.0530	0.0108	-0.0675	0.9976
0.0109	-0.1168	0.0529	0.0108	-0.0675	0.9976
0.0175	-0.1171	0.0523	0.0108	-0.0675	0.9976
0.0208	-0.1233	0.0511	0.0108	-0.0675	0.9976
0.0000	0.0000	0.0000	0.0000	0.0000	0.0000
0.0142	-0.1229	0.0523	0.0108	-0.0675	0.9976
0.0076	-0.1228	0.0525	0.0108	-0.0675	0.9976
0.0010	-0.1230	0.0517	0.0108	-0.0675	0.9976
0.0000	0.0000	0.0000	0.0000	0.0000	0.0000
0.0043	-0.1169	0.0526	0.0108	-0.0675	0.9976
-0.0057	-0.1076	0.0520	-0.2093	-0.0647	0.9756
-0.0057	-0.1076	0.0520	-0.2093	-0.0647	0.9756
0.0009	-0.1074	0.0532	-0.2093	-0.0647	0.9756
-0.0057	-0.1076	0.0520	-0.2093	-0.0647	0.9756
-0.0020	-0.1129	0.0519	-0.2093	-0.0647	0.9756
-0.0052	-0.1188	0.0506	-0.2093	-0.0647	0.9756
0.0000	0.0000	0.0000	0.0000	0.0000	0.0000
-0.0086	-0.1133	0.0501	-0.2093	-0.0647	0.9756
-0.0057	-0.1076	0.0520	-0.2093	-0.0647	0.9756
-0.0057	-0.1076	0.0520	-0.2093	-0.0647	0.9756
0.0000	0.0000	0.0000	0.0000	0.0000	0.0000
-0.0057	-0.1076	0.0520	-0.2093	-0.0647	0.9756
-0.0210	-0.1187	0.0451	-0.5424	-0.0732	0.8368
-0.0210	-0.1187	0.0451	-0.5424	-0.0732	0.8368
-0.0210	-0.1187	0.0451	-0.5424	-0.0732	0.8368
-0.0210	-0.1187	0.0451	-0.5424	-0.0732	0.8368
-0.0146	-0.1182	0.0476	-0.5424	-0.0732	0.8368
-0.0113	-0.1240	0.0482	-0.5424	-0.0732	0.8368
0.0000	0.0000	0.0000	0.0000	0.0000	0.0000
-0.0178	-0.1245	0.0459	-0.5424	-0.0732	0.8368
-0.0210	-0.1187	0.0451	-0.5424	-0.0732	0.8368
-0.0210	-0.1187	0.0451	-0.5424	-0.0732	0.8368
0.0000	0.0000	0.0000	0.0000	0.0000	0.0000
-0.0210	-0.1187	0.0451	-0.5424	-0.0732	0.8368
-0.0208	-0.1381	0.0435	-0.5605	-0.0807	0.8242
-0.0208	-0.1381	0.0435	-0.5605	-0.0807	0.8242
-0.0208	-0.1381	0.0435	-0.5605	-0.0807	0.8242
-0.0208	-0.1381	0.0435	-0.5605	-0.0807	0.8242
-0.0177	-0.1316	0.0454	-0.5605	-0.0807	0.8242
-0.0113	-0.1311	0.0477	-0.5605	-0.0807	0.8242
0.0000	0.0000	0.0000	0.0000	0.0000	0.0000
-0.0146	-0.1374	0.0463	-0.5605	-0.0807	0.8242
-0.0208	-0.1381	0.0435	-0.5605	-0.0807	0.8242
-0.0208	-0.1381	0.0435	-0.5605	-0.0807	0.8242
0.0000	0.0000	0.0000	0.0000	0.0000	0.0000
-0.0208	-0.1381	0.0435	-0.5605	-0.0807	0.8242
-0.0085	-0.1404	0.0483	-0.2209	-0.0794	0.9720
-0.0051	-0.1342	0.0494	-0.2209	-0.0794	0.9720
-0.0019	-0.1400	0.0499	-0.2209	-0.0794	0.9720
-0.0054	-0.1462	0.0492	-0.2209	-0.0794	0.9720
0.0012	-0.1459	0.0504	-0.2209	-0.0794	0.9720
-0.0054	-0.1462	0.0492	-0.2209	-0.0794	0.9720
0.0000	0.0000	0.0000	0.0000	0.0000	0.0000
-0.0054	-0.1462	0.0492	-0.2209	-0.0794	0.9720
-0.0054	-0.1462	0.0492	-0.2209	-0.0794	0.9720
-0.0054	-0.1462	0.0492	-0.2209	-0.0794	0.9720
0.0000	0.0000	0.0000	0.0000	0.0000	0.0000
-0.0054	-0.1462	0.0492	-0.2209	-0.0794	0.9720
0.0000	0.0000	0.0000	0.0000	0.0000	0.0000
0.0000	0.0000	0.0000	0.0000	0.0000	0.0000
0.0000	0.0000	0.0000	0.0000	0.0000	0.0000
0.0000	0.0000	0.0000	0.0000	0.0000	0.0000
0.0000	0.0000	0.0000	0.0000	0.0000	0.0000
0.0000	0.0000	0.0000	0.0000	0.0000	0.0000
0.0000	0.0000	0.0000	0.0000	0.0000	0.0000
0.0000	0.0000	0.0000	0.0000	0.0000	0.0000
0.0000	0.0000	0.0000	0.0000	0.0000	0.0000
0.0000	0.0000	0.0000	0.0000	0.0000	0.0000
0.0000	0.0000	0.0000	0.0000	0.0000	0.0000
0.0000	0.0000	0.0000	0.0000	0.0000	0.0000
0.0000	0.0000	0.0000	0.0000	0.0000	0.0000
0.0000	0.0000	0.0000	0.0000	0.0000	0.0000
0.0000	0.0000	0.0000	0.0000	0.0000	0.0000
0.0000	0.0000	0.0000	0.0000	0.0000	0.0000
0.0000	0.0000	0.0000	0.0000	0.0000	0.0000
0.0000	0.0000	0.0000	0.0000	0.0000	0.0000
0.0000	0.0000	0.0000	0.0000	0.0000	0.0000
0.0000	0.0000	0.0000	0.0000	0.0000	0.0000
0.0000	0.0000	0.0000	0.0000	0.0000	0.0000
0.0000	0.0000	0.0000	0.0000	0.0000	0.0000
0.0000	0.0000	0.0000	0.0000	0.0000	0.0000
0.0000	0.0000	0.0000	0.0000	0.0000	0.0000
0.0000	0.0000	0.0000	0.0000	0.0000	0.0000
0.0000	0.0000	0.0000	0.0000	0.0000	0.0000
0.0000	0.0000	0.0000	0.0000	0.0000	0.0000
0.0000	0.0000	0.0000	0.0000	0.0000	0.0000
0.0000	0.0000	0.0000	0.0000	0.0000	0.0000
0.0000	0.0000	0.0000	0.0000	0.0000	0.0000
0.0000	0.0000	0.0000	0.0000	0.0000	0.0000
0.0000	0.0000	0.0000	0.0000	0.0000	0.0000
0.0000	0.0000	0.0000	0.0000	0.0000	0.0000
0.0000	0.0000	0.0000	0.0000	0.0000	0.0000
0.0000	0.0000	0.0000	0.0000	0.0000	0.0000
0.0000	0.0000	0.0000	0.0000	0.0000	0.0000
0.0241	-0.1405	0.0492	0.2973	-0.0808	0.9513
0.0271	-0.1347	0.0484	0.2973	-0.0808	0.9513
0.0305	-0.1411	0.0471	0.2973	-0.0808	0.9513
0.0277	-0.1469	0.0483	0.2973	-0.0808	0.9513
0.0277	-0.1469	0.0483	0.2973	-0.0808	0.9513
0.0277	-0.1469	0.0483	0.2973	-0.0808	0.9513
0.0000	0.0000	0.0000	0.0000	0.0000	0.0000
0.0277	-0.1469	0.0483	0.2973	-0.0808	0.9513
0.0277	-0.1469	0.0483	0.2973	-0.0808	0.9513
0.0277	-0.1469	0.0483	0.2973	-0.0808	0.9513
0.0000	0.0000	0.0000	0.0000	0.0000	0.0000
0.0277	-0.1469	0.0483	0.2973	-0.0808	0.9513
0.0143	-0.1301	0.0519	0.0131	-0.0747	0.9971
0.0209	-0.1305	0.0505	0.0131	-0.0747	0.9971
0.0177	-0.1364	0.0508	0.0131	-0.0747	0.9971
0.0110	-0.1361	0.0516	0.0131	-0.0747	0.9971
0.0146	-0.1425	0.0508	0.0131	-0.0747	0.9971
0.0110	-0.1361	0.0516	0.0131	-0.0747	0.9971
0.0000	0.0000	0.0000	0.0000	0.0000	0.0000
0.0077	-0.1423	0.0510	0.0131	-0.0747	0.9971
0.0043	-0.1361	0.0512	0.0131	-0.0747	0.9971
0.0010	-0.1302	0.0511	0.0131	-0.0747	0.9971
0.0000	0.0000	0.0000	0.0000	0.0000	0.0000
0.0076	-0.1299	0.0521	0.0131	-0.0747	0.9971
0.0000	0.0000	0.0000	0.0000	0.0000	0.0000
0.0000	0.0000	0.0000	0.0000	0.0000	0.0000
0.0000	0.0000	0.0000	0.0000	0.0000	0.0000
0.0000	0.0000	0.0000	0.0000	0.0000	0.0000
0.0000	0.0000	0.0000	0.0000	0.0000	0.0000
0.0000	0.0000	0.0000	0.0000	0.0000	0.0000
0.0000	0.0000	0.0000	0.0000	0.0000	0.0000
0.0000	0.0000	0.0000	0.0000	0.0000	0.0000
0.0000	0.0000	0.0000	0.0000	0.0000	0.0000
0.0000	0.0000	0.0000	0.0000	0.0000	0.0000
0.0000	0.0000	0.0000	0.0000	0.0000	0.0000
0.0000	0.0000	0.0000	0.0000	0.0000	0.0000
0.0000	0.0000	0.0000	0.0000	0.0000	0.0000
0.0000	0.0000	0.0000	0.0000	0.0000	0.0000
0.0000	0.0000	0.0000	0.0000	0.0000	0.0000
0.0000	0.0000	0.0000	0.0000	0.0000	0.0000
0.0000	0.0000	0.0000	0.0000	0.0000	0.0000
0.0000	0.0000	0.0000	0.0000	0.0000	0.0000
0.0000	0.0000	0.0000	0.0000	0.0000	0.0000
0.0000	0.0000	0.0000	0.0000	0.0000	0.0000
0.0000	0.0000	0.0000	0.0000	0.0000	0.0000
0.0000	0.0000	0.0000	0.0000	0.0000	0.0000
0.0000	0.0000	0.0000	0.0000	0.0000	0.0000
0.0000	0.0000	0.0000	0.0000	0.0000	0.0000

